Input parameters:
			100: number of nodes in the graph
			1 : the nest node
			1.0 : alpha, ant move event
			1.0 : beta, ant move event
			0.2 : delta, ant move event
			2.0 : eta, pheromone evaporation event
			10.0 : rho, pheromone evaporation event
			0.5 : pheromone level
			5000 : ant colony size
			500.0 : final instant
	with graph:
			0 3 2 10 3 0 6 6 0 8 0 7 1 10 0 7 4 10 1 6 0 0 0 0 1 8 10 3 6 0 9 9 0 8 0 0 0 0 0 0 6 0 9 0 10 3 6 2 8 0 4 1 7 0 0 0 0 0 0 4 4 7 1 5 7 9 0 0 4 0 10 0 1 8 7 1 0 0 0 7 9 1 0 10 0 0 1 0 0 0 3 4 0 0 3 1 8 0 3 5 
			3 0 7 2 0 0 0 4 0 3 0 0 9 5 4 0 1 6 0 3 0 5 0 0 5 2 0 2 4 3 1 0 4 0 8 0 8 0 1 9 9 0 0 0 0 0 0 5 0 7 0 5 8 2 6 0 2 10 9 0 4 0 0 0 0 0 2 6 3 0 0 0 8 0 0 8 0 9 0 0 0 9 0 8 0 0 3 1 0 6 4 7 6 7 0 0 0 5 6 0 
			2 7 0 2 0 0 0 0 0 10 0 0 0 0 3 0 5 9 0 6 0 2 10 0 0 0 0 0 3 0 10 0 2 0 2 5 0 0 0 7 0 0 0 5 0 5 9 4 0 0 0 0 0 8 3 3 0 1 2 0 0 6 0 0 9 3 0 0 4 0 0 10 0 4 5 0 3 0 0 0 0 0 0 1 1 5 9 0 2 3 0 0 6 0 0 0 3 0 0 10 
			10 2 2 0 5 0 7 9 4 0 8 0 0 0 7 0 9 0 0 0 0 9 0 8 5 8 6 9 0 0 0 0 0 5 1 6 0 2 2 0 2 0 0 0 9 0 4 2 0 6 3 0 7 7 0 0 10 0 0 5 0 0 0 3 9 8 10 0 0 5 0 7 0 6 5 6 10 5 2 0 1 3 9 0 8 0 0 1 9 0 0 8 10 0 0 9 0 0 0 1 
			3 0 0 5 0 2 0 9 0 0 7 0 0 3 1 0 0 0 0 0 0 4 0 0 9 7 0 8 0 0 6 1 0 2 0 6 3 0 9 0 0 0 10 0 2 4 0 6 7 1 1 2 2 2 0 0 0 0 1 0 0 0 4 0 0 9 8 5 0 0 10 5 0 8 0 2 0 10 4 0 0 0 3 0 0 2 7 0 10 7 7 1 0 0 0 9 1 5 0 3 
			0 0 0 0 2 0 3 0 0 0 0 10 9 0 0 3 5 6 1 0 10 10 1 0 0 0 0 0 5 0 1 7 0 6 9 0 0 10 0 0 6 0 0 8 5 0 5 0 0 0 0 0 5 4 0 1 10 0 0 0 0 0 5 2 0 7 2 9 9 1 0 1 0 0 9 0 0 0 0 5 1 9 9 0 4 5 0 2 0 0 0 9 0 7 1 0 6 0 0 0 
			6 0 0 7 0 3 0 2 0 0 1 4 10 0 2 5 7 0 1 0 0 6 1 0 0 0 0 1 6 0 8 8 0 1 8 0 0 10 0 0 0 3 0 0 0 0 10 0 0 0 3 0 1 0 1 2 0 0 10 0 0 9 0 10 1 2 0 0 3 9 2 6 8 2 3 0 0 0 7 9 0 5 7 0 8 8 4 0 1 4 0 0 0 9 5 6 1 0 9 4 
			6 4 0 9 9 0 2 0 9 3 3 0 0 0 5 0 0 0 6 0 4 0 1 5 2 0 0 4 7 9 0 1 0 0 0 3 0 7 6 7 10 0 0 0 0 0 0 2 0 0 0 3 0 10 0 0 0 9 0 0 8 10 0 0 3 0 7 4 0 6 6 0 0 2 0 8 10 0 7 1 0 6 0 9 2 0 0 0 0 0 1 10 0 7 0 6 0 7 9 0 
			0 0 0 4 0 0 0 9 0 6 0 7 0 0 10 7 2 0 5 0 8 5 0 0 0 1 9 0 0 6 7 10 0 4 0 6 0 9 0 0 9 0 7 2 1 0 0 0 0 0 0 6 0 0 1 4 0 0 0 0 0 3 2 1 0 0 1 0 0 4 0 0 9 0 0 3 0 0 4 0 0 3 0 10 7 0 0 9 5 0 3 4 5 0 8 0 1 0 0 5 
			8 3 10 0 0 0 0 3 6 0 8 0 0 10 9 2 5 3 2 8 0 0 0 0 6 9 4 0 0 8 0 0 0 1 2 0 0 0 8 0 0 10 1 5 0 6 0 0 8 0 0 3 0 3 3 0 6 6 0 0 0 0 7 2 0 1 0 0 0 4 0 0 0 9 8 0 5 2 3 0 5 0 0 5 0 0 2 0 4 1 8 0 0 6 0 2 9 4 8 10 
			0 0 0 8 7 0 1 3 0 8 0 9 3 3 4 10 0 0 0 7 10 0 5 0 5 0 5 5 7 0 0 8 7 4 0 9 0 0 9 0 4 0 2 6 8 5 0 0 5 5 7 0 2 0 4 2 0 0 0 0 6 9 4 10 4 9 0 0 5 8 0 0 0 5 4 6 0 0 3 0 0 0 6 0 0 0 0 4 4 8 8 1 2 1 0 8 9 5 0 0 
			7 0 0 0 0 10 4 0 7 0 9 0 2 6 0 0 5 1 8 0 0 0 0 0 0 5 0 0 9 0 0 2 2 0 7 0 10 0 4 4 1 2 6 0 0 0 0 10 0 0 8 1 10 0 5 7 3 0 0 1 4 4 0 6 0 0 0 8 1 0 8 2 0 9 8 0 9 0 7 0 3 8 0 5 7 3 0 1 4 9 1 4 0 0 4 5 0 0 2 6 
			1 9 0 0 0 9 10 0 0 0 3 2 0 9 0 0 0 0 6 8 0 5 8 0 2 0 5 0 0 4 2 9 2 0 4 0 5 2 5 7 0 0 9 0 0 0 0 0 0 1 1 0 0 9 0 5 4 0 0 0 2 0 2 0 6 7 4 0 0 0 0 3 7 0 2 8 0 0 2 0 0 2 0 0 10 0 0 0 6 5 0 5 0 0 0 0 0 0 2 0 
			10 5 0 0 3 0 0 0 0 10 3 6 9 0 6 0 0 4 0 0 3 0 5 7 10 0 0 0 3 6 7 0 1 5 0 0 2 1 8 3 0 0 0 0 8 4 7 10 7 0 1 5 0 0 7 8 2 6 7 6 1 1 0 9 0 0 6 4 0 0 8 0 4 0 0 0 0 4 0 5 1 0 0 0 7 0 7 0 5 9 0 9 0 7 0 0 0 9 2 0 
			0 4 3 7 1 0 2 5 10 9 4 0 0 6 0 8 4 0 9 4 4 0 0 2 0 0 0 0 0 1 1 3 0 10 7 0 7 0 0 5 0 0 6 0 4 0 8 4 0 0 7 0 0 6 2 2 0 0 0 6 8 2 0 9 0 0 0 0 8 5 5 9 6 0 1 0 10 4 0 7 0 0 0 6 2 0 0 7 4 2 8 0 3 9 8 10 10 0 1 6 
			7 0 0 0 0 3 5 0 7 2 10 0 0 0 8 0 9 4 0 0 3 8 9 3 5 0 5 8 0 0 1 0 6 10 6 6 0 0 0 0 0 0 4 8 0 7 2 9 0 2 8 0 0 10 1 6 0 0 0 7 10 8 6 0 0 4 0 1 0 5 6 0 0 6 0 7 4 0 0 4 0 10 1 3 9 1 0 0 0 0 0 0 0 0 0 0 10 0 0 10 
			4 1 5 9 0 5 7 0 2 5 0 5 0 0 4 9 0 5 1 0 6 0 9 7 1 7 0 0 3 0 0 0 0 7 0 0 0 8 0 0 0 2 0 7 0 0 0 0 8 5 0 7 0 0 7 0 7 0 1 5 5 9 4 4 7 0 1 0 0 0 0 6 2 0 10 9 4 5 0 7 0 1 4 9 0 0 7 3 4 0 8 3 0 0 10 0 0 1 3 0 
			10 6 9 0 0 6 0 0 0 3 0 1 0 4 0 4 5 0 9 0 5 2 0 5 6 0 3 0 0 1 0 0 0 0 0 0 0 1 0 2 4 1 0 0 3 0 8 0 0 0 0 8 0 0 5 5 2 4 0 5 4 9 0 0 0 10 3 1 0 0 0 3 0 0 8 6 3 0 0 0 1 0 0 1 10 0 0 0 0 0 2 6 0 9 0 0 0 0 0 5 
			1 0 0 0 0 1 1 6 5 2 0 8 6 0 9 0 1 9 0 6 9 0 0 8 0 9 6 5 6 3 0 6 6 0 3 5 7 0 5 2 0 0 4 0 0 0 9 0 3 0 0 0 0 0 10 7 0 0 8 4 10 0 10 8 0 0 0 10 0 1 0 10 0 10 2 0 7 2 0 0 5 6 3 0 10 0 7 9 0 5 0 0 0 9 5 0 0 2 0 0 
			6 3 6 0 0 0 0 0 0 8 7 0 8 0 4 0 0 0 6 0 8 4 5 0 4 9 0 0 0 0 2 3 0 0 0 0 5 5 0 0 4 10 1 4 0 4 0 0 2 10 0 1 7 0 6 1 6 0 0 0 5 8 5 0 0 0 10 0 2 0 0 0 4 0 8 7 1 0 6 4 0 0 0 9 0 0 6 7 0 0 0 1 7 6 1 10 1 9 3 0 
			0 0 0 0 0 10 0 4 8 0 10 0 0 3 4 3 6 5 9 8 0 7 0 6 0 9 0 0 0 3 0 0 9 0 0 10 0 0 0 2 0 8 0 1 0 0 3 0 0 6 2 2 0 0 0 0 7 8 0 0 0 0 0 3 4 0 6 4 1 5 5 0 5 0 0 5 0 0 2 0 4 5 0 9 0 1 4 3 4 0 3 4 4 0 10 0 8 2 0 0 
			0 5 2 9 4 10 6 0 5 0 0 0 5 0 0 8 0 2 0 4 7 0 5 2 0 0 0 0 0 2 0 1 1 1 10 2 2 1 4 10 8 8 0 8 0 0 0 0 10 7 0 0 4 0 0 0 1 0 0 0 10 6 2 9 10 0 7 0 9 0 0 6 5 0 10 8 0 0 0 0 0 0 2 8 10 10 2 6 0 8 9 0 0 5 2 3 2 0 0 0 
			0 0 10 0 0 1 1 1 0 0 5 0 8 5 0 9 9 0 0 5 0 5 0 7 2 6 7 7 0 0 5 0 0 3 7 10 0 0 9 1 3 6 0 3 0 7 0 8 7 0 0 0 0 0 1 6 6 6 3 0 0 0 5 0 8 0 0 8 10 10 0 0 1 6 6 10 0 9 0 6 5 6 1 9 7 5 0 0 3 0 10 3 6 0 1 0 7 5 0 3 
			0 0 0 8 0 0 0 5 0 0 0 0 0 7 2 3 7 5 8 0 6 2 7 0 10 0 0 0 4 0 5 4 1 3 0 0 0 10 4 4 7 7 0 0 6 4 0 0 9 0 8 9 9 9 0 5 7 8 2 1 9 9 0 0 6 0 0 0 0 0 9 9 0 0 4 6 7 0 4 3 0 0 9 0 2 0 0 2 0 3 0 0 4 0 0 3 0 0 1 2 
			1 5 0 5 9 0 0 2 0 6 5 0 2 10 0 5 1 6 0 4 0 0 2 10 0 9 4 3 0 0 0 7 4 0 0 3 0 0 0 1 9 5 7 0 0 0 0 0 8 9 5 2 0 1 7 3 8 0 0 7 0 10 0 0 0 0 0 8 0 7 0 2 0 0 10 0 10 8 4 2 3 7 2 5 7 10 0 7 7 9 8 4 7 0 7 0 5 0 0 1 
			8 2 0 8 7 0 0 0 1 9 0 5 0 0 0 0 7 0 9 9 9 0 6 0 9 0 5 0 8 0 0 3 4 0 8 5 4 0 0 0 0 0 9 0 9 0 4 4 8 0 0 4 0 8 0 0 0 2 1 0 0 0 0 8 9 9 0 3 0 0 0 0 8 0 0 1 10 0 0 8 0 0 5 7 0 8 8 8 0 7 8 1 0 8 1 6 10 6 0 0 
			10 0 0 6 0 0 0 0 9 4 5 0 5 0 0 5 0 3 6 0 0 0 7 0 4 5 0 2 0 10 8 10 10 4 0 4 5 0 9 3 0 3 4 0 0 0 0 0 5 0 0 4 0 5 10 0 0 0 0 8 0 0 8 1 3 7 8 0 6 0 7 0 9 0 10 6 0 4 0 0 0 0 2 2 9 0 2 7 0 0 2 0 0 10 0 9 4 8 6 10 
			3 2 0 9 8 0 1 4 0 0 5 0 0 0 0 8 0 0 5 0 0 0 7 0 3 0 2 0 8 0 3 1 0 0 0 0 0 0 0 0 0 0 0 0 0 2 0 3 6 7 0 0 8 0 8 2 4 4 0 0 3 6 8 2 7 0 0 0 0 8 0 7 8 7 0 0 0 0 0 9 0 10 0 1 0 0 0 3 0 6 0 6 0 0 2 7 0 4 5 7 
			6 4 3 0 0 5 6 7 0 0 7 9 0 3 0 0 3 0 6 0 0 0 0 4 0 8 0 8 0 1 3 4 4 7 8 0 7 0 0 0 2 3 0 0 0 10 7 4 8 0 5 3 0 0 0 0 5 5 0 3 10 0 0 8 5 6 0 0 1 0 6 0 0 0 0 0 8 5 7 0 0 3 9 0 8 6 8 7 0 10 0 0 3 1 1 0 8 7 7 0 
			0 3 0 0 0 0 0 9 6 8 0 0 4 6 1 0 0 1 3 0 3 2 0 0 0 0 10 0 1 0 2 7 2 0 0 5 0 3 5 0 6 1 8 0 0 2 3 0 0 0 0 3 7 0 7 5 0 6 6 0 0 10 9 0 10 0 0 7 0 0 8 0 2 9 6 6 0 0 0 1 2 1 8 6 0 0 4 7 0 0 0 0 0 3 0 0 6 0 0 0 
			9 1 10 0 6 1 8 0 7 0 0 0 2 7 1 1 0 0 0 2 0 0 5 5 0 0 8 3 3 2 0 6 0 0 0 0 0 7 0 0 0 9 0 5 0 0 0 0 3 7 9 8 9 2 0 10 0 0 0 0 7 0 0 3 0 4 0 4 0 10 0 0 9 3 0 0 6 3 0 6 2 3 5 2 4 0 5 0 7 2 8 4 0 0 0 3 4 0 6 0 
			9 0 0 0 1 7 8 1 10 0 8 2 9 0 3 0 0 0 6 3 0 1 0 4 7 3 10 1 4 7 6 0 8 0 2 3 0 7 4 0 5 0 9 8 0 0 5 7 0 0 0 9 0 0 0 0 0 6 9 4 0 7 0 0 1 0 0 0 7 0 7 0 8 0 0 0 0 1 0 0 9 0 4 8 8 1 7 1 0 0 2 0 0 0 7 3 0 0 0 10 
			0 4 2 0 0 0 0 0 0 0 7 2 2 1 0 6 0 0 6 0 9 1 0 1 4 4 10 0 4 2 0 8 0 1 0 0 6 0 0 0 1 0 6 4 3 6 8 0 0 0 0 3 6 1 7 0 7 0 0 0 0 2 6 0 0 0 0 3 6 2 8 0 5 8 10 0 5 4 0 0 5 0 0 10 3 7 6 0 0 7 0 0 9 0 0 0 4 6 10 7 
			8 0 0 5 2 6 1 0 4 1 4 0 0 5 10 10 7 0 0 0 0 1 3 3 0 0 4 0 7 0 0 0 1 0 10 0 3 0 0 9 6 4 1 6 0 7 0 2 0 7 2 0 2 3 3 0 0 2 8 10 8 0 10 0 0 5 0 1 6 0 9 0 5 5 7 2 9 6 0 9 1 0 0 3 4 0 5 8 0 4 0 7 0 2 7 0 0 0 0 5 
			0 8 2 1 0 9 8 0 0 2 0 7 4 0 7 6 0 0 3 0 0 10 7 0 0 8 0 0 8 0 0 2 0 10 0 6 8 0 0 1 0 8 2 0 1 1 0 0 0 6 0 0 0 2 1 9 0 0 10 1 2 0 6 3 0 4 0 0 0 6 0 0 4 2 9 0 0 7 4 8 4 6 6 4 0 2 3 0 1 6 0 9 0 4 1 2 1 0 0 2 
			0 0 5 6 6 0 0 3 6 0 9 0 0 0 0 6 0 0 5 0 10 2 10 0 3 5 4 0 0 5 0 3 0 0 6 0 4 2 0 1 0 0 0 0 2 0 2 7 0 0 3 0 2 0 3 4 3 0 9 0 5 0 0 1 0 0 0 3 0 6 5 9 0 0 3 4 6 9 0 0 0 4 1 4 5 0 0 0 0 0 0 0 5 4 7 2 2 8 5 0 
			0 8 0 0 3 0 0 0 0 0 0 10 5 2 7 0 0 0 7 5 0 2 0 0 0 4 5 0 7 0 0 0 6 3 8 4 0 7 0 1 0 0 0 3 10 10 5 7 0 2 7 0 0 0 1 0 8 0 0 9 7 10 4 0 4 8 8 0 5 0 4 0 3 0 8 0 0 7 10 4 0 0 0 9 0 0 0 3 0 0 5 1 0 0 0 6 3 0 2 0 
			0 0 0 2 0 10 10 7 9 0 0 0 2 1 0 0 8 1 0 5 0 1 0 10 0 0 0 0 0 3 7 7 0 0 0 2 7 0 1 3 0 0 0 0 0 10 0 3 0 8 0 5 0 0 0 0 6 0 0 10 6 0 1 0 0 0 0 0 0 0 7 6 8 0 0 0 0 0 0 0 0 0 6 0 2 6 0 1 1 0 10 0 0 0 1 2 0 0 0 0 
			0 1 0 2 9 0 0 6 0 8 9 4 5 8 0 0 0 0 5 0 0 4 9 4 0 0 9 0 0 5 0 4 0 0 0 0 0 1 0 8 7 0 6 6 8 2 10 4 1 0 0 3 0 8 0 7 0 1 0 6 0 0 8 0 2 0 0 10 0 0 1 9 0 7 5 4 0 1 6 7 0 0 0 5 0 1 7 0 5 2 0 8 0 0 0 0 7 2 4 8 
			0 9 7 0 0 0 0 7 0 0 0 4 7 3 5 0 0 2 2 0 2 10 1 4 1 0 3 0 0 0 0 0 0 9 1 1 1 3 8 0 6 0 8 6 0 9 5 0 6 0 0 7 10 1 4 0 0 0 3 0 0 6 0 2 10 6 0 0 2 8 2 10 0 0 0 8 0 10 6 4 8 0 0 0 1 0 8 0 0 2 0 7 0 0 9 10 8 0 1 7 
			6 9 0 2 0 6 0 10 9 0 4 1 0 0 0 0 0 4 0 4 0 8 3 7 9 0 0 0 2 6 0 5 1 6 0 0 0 0 7 6 0 8 2 0 7 1 0 1 0 4 0 0 0 0 0 0 0 0 0 0 0 0 1 6 0 0 9 10 1 0 0 0 0 2 0 2 0 0 8 7 0 4 0 2 9 0 3 1 0 5 3 0 7 5 5 3 0 2 0 10 
			0 0 0 0 0 0 3 0 0 10 0 2 0 0 0 0 2 1 0 10 8 8 6 7 5 0 3 0 3 1 9 0 0 4 8 0 0 0 0 0 8 0 5 7 0 0 1 5 2 10 0 0 0 8 9 10 0 0 2 10 4 10 0 0 0 0 0 7 0 5 5 0 0 1 0 0 10 0 0 0 6 0 3 3 4 0 7 4 2 0 0 6 2 7 0 5 2 0 0 4 
			9 0 0 0 10 0 0 0 7 1 2 6 9 0 6 4 0 0 4 1 0 0 0 0 7 9 4 0 0 8 0 9 6 1 2 0 0 0 6 8 2 5 0 6 0 0 0 6 7 4 0 7 5 10 0 8 5 3 0 0 2 4 0 0 0 6 0 1 6 3 9 4 3 9 0 0 0 4 0 0 1 10 0 4 0 2 0 0 1 0 2 5 2 7 9 4 2 0 0 9 
			0 0 5 0 0 8 0 0 2 5 6 0 0 0 0 8 7 0 0 4 1 8 3 0 0 0 0 0 0 0 5 8 4 6 0 0 3 0 6 6 0 7 6 0 3 2 9 10 0 1 0 5 0 6 1 6 0 6 10 8 0 0 0 6 0 0 9 1 0 0 0 3 8 2 4 10 2 0 7 0 0 0 0 1 10 0 0 0 5 0 9 4 0 0 3 0 0 6 1 3 
			10 0 0 9 2 5 0 0 1 0 8 0 0 8 4 0 0 3 0 0 0 0 0 6 0 9 0 0 0 0 0 0 3 0 1 2 10 0 8 0 7 0 0 3 0 8 2 0 0 1 4 5 0 0 0 0 0 3 0 10 1 0 0 8 5 4 4 8 4 0 7 1 7 0 0 8 4 5 0 0 0 3 7 8 0 0 0 0 1 2 1 0 0 0 0 0 0 4 1 0 
			3 0 5 0 4 0 0 0 0 6 5 0 0 4 0 7 0 0 0 4 0 0 7 4 0 0 0 2 10 2 0 0 6 7 1 0 10 10 2 9 1 0 0 2 8 0 7 10 0 8 9 7 4 6 0 0 5 4 0 0 1 0 0 0 0 0 4 6 0 7 0 0 6 0 2 10 0 0 9 0 5 3 0 0 0 0 0 0 0 5 0 2 8 6 7 2 0 6 7 2 
			6 0 9 4 0 5 10 0 0 0 0 0 0 7 8 2 0 8 9 0 3 0 0 0 0 4 0 0 7 3 0 5 8 0 0 2 5 0 10 5 0 1 0 9 2 7 0 8 0 4 0 0 6 1 1 0 0 2 5 2 0 2 4 6 0 3 0 7 9 0 0 0 0 4 0 0 1 1 0 0 0 1 3 0 1 0 0 7 6 0 0 4 0 6 6 9 6 6 4 0 
			2 5 4 2 6 0 0 2 0 0 0 10 0 10 4 9 0 0 0 0 0 0 8 0 0 4 0 3 4 0 0 7 0 2 0 7 7 3 4 0 1 5 6 10 0 10 8 0 4 3 5 0 0 0 8 0 1 0 5 0 0 0 7 0 3 0 0 0 0 0 6 0 10 6 0 0 0 0 3 2 1 3 7 0 0 0 9 0 0 0 6 0 10 2 0 7 10 9 4 5 
			8 0 0 0 7 0 0 0 0 8 5 0 0 7 0 0 8 0 3 2 0 10 7 9 8 8 5 6 8 0 3 0 0 0 0 0 0 0 1 6 0 2 7 0 0 0 0 4 0 10 0 3 1 1 9 4 5 0 10 0 0 5 5 0 0 4 1 0 8 0 2 0 0 5 0 8 1 0 0 3 0 10 6 0 0 0 0 0 7 0 0 6 7 0 0 2 0 3 3 8 
			0 7 0 6 1 0 0 0 0 0 5 0 1 0 0 2 5 0 0 10 6 7 0 0 9 0 0 7 0 0 7 0 0 7 6 0 2 8 0 0 4 10 4 1 1 8 4 3 10 0 7 0 1 1 6 10 5 0 0 9 7 4 1 0 7 0 0 1 4 5 0 0 0 7 5 0 0 3 3 0 0 2 1 0 0 10 0 2 0 0 0 0 8 6 0 8 2 0 6 1 
			4 0 0 3 1 0 3 0 0 0 7 8 1 1 7 8 0 0 0 0 2 0 0 8 5 0 0 0 5 0 9 0 0 2 0 3 7 0 0 0 0 0 0 0 4 9 0 5 0 7 0 5 1 1 0 7 6 3 9 9 0 0 8 0 0 10 6 0 0 0 2 0 0 0 0 0 0 0 1 0 4 0 3 0 0 0 4 1 0 2 3 10 9 4 9 10 2 5 0 8 
			1 5 0 0 2 0 0 3 6 3 0 1 0 5 0 0 7 8 0 1 2 0 0 9 2 4 4 0 3 3 8 9 3 0 0 0 0 5 3 7 0 0 7 5 5 7 0 0 3 0 5 0 4 0 10 0 0 8 0 9 7 9 7 0 0 6 4 7 0 2 0 0 10 9 1 0 2 7 9 0 4 6 0 0 0 3 8 3 6 1 0 8 10 0 7 9 3 6 0 1 
			7 8 0 7 2 5 1 0 0 0 2 10 0 0 0 0 0 0 0 7 0 4 0 9 0 0 0 8 0 7 9 0 6 2 0 2 0 0 0 10 0 0 5 0 0 4 6 0 1 1 1 4 0 5 7 0 0 3 6 0 0 0 2 10 0 0 0 3 0 0 0 0 0 10 2 0 0 3 5 10 0 7 8 6 4 0 1 0 3 8 6 0 5 0 8 5 8 0 0 0 
			0 2 8 7 2 4 0 10 0 3 0 0 9 0 6 10 0 0 0 0 0 0 0 9 1 8 5 0 0 0 2 0 1 3 2 0 0 0 8 1 0 8 10 6 0 6 1 0 1 1 1 0 5 0 8 0 0 0 0 3 10 4 0 3 8 0 0 0 2 5 7 4 3 0 9 10 9 0 4 0 0 0 0 0 0 0 0 0 9 0 0 2 5 9 0 6 0 1 0 0 
			0 6 3 0 0 0 1 0 1 3 4 5 0 7 2 1 7 5 10 6 0 0 1 0 7 0 10 8 0 7 0 0 7 3 1 3 1 0 0 4 0 9 0 1 0 0 1 8 9 6 0 10 7 8 0 6 4 0 0 8 10 9 0 9 0 0 7 0 0 4 9 0 0 0 9 9 10 0 0 0 0 5 0 0 2 4 0 0 0 0 0 0 0 9 1 0 6 4 6 0 
			0 0 3 0 0 1 2 0 4 0 2 7 5 8 2 6 0 5 7 1 0 0 6 5 3 0 0 2 0 5 10 0 0 0 9 4 0 0 7 0 0 10 8 6 0 0 0 0 4 10 7 0 0 0 6 0 8 0 0 9 8 9 0 6 0 0 0 0 2 3 4 0 7 0 5 0 4 9 0 7 7 3 7 2 0 6 3 0 0 0 0 0 0 4 0 6 9 7 0 5 
			0 2 0 10 0 10 0 0 0 6 0 3 4 2 0 0 7 2 0 6 7 1 6 7 8 0 0 4 5 0 0 0 7 0 0 3 8 6 0 0 0 0 5 0 0 5 0 1 5 5 6 0 0 0 4 8 0 1 0 9 0 6 4 10 0 7 0 3 0 6 0 4 0 6 0 0 7 3 5 9 7 0 1 6 8 4 1 7 0 3 3 5 0 0 7 0 1 0 0 7 
			0 10 1 0 0 0 0 9 0 6 0 0 0 6 0 0 0 4 0 0 8 0 6 8 0 2 0 4 5 6 0 6 0 2 0 0 0 0 1 0 0 0 3 6 3 4 2 0 0 0 3 8 3 0 0 0 1 0 9 0 7 0 6 0 0 4 0 10 0 0 0 7 10 3 0 0 8 8 10 0 1 0 8 3 10 0 10 0 0 7 3 0 1 5 0 0 5 0 3 0 
			0 9 2 0 1 0 10 0 0 0 0 0 0 7 0 0 1 0 8 0 0 0 3 2 0 1 0 0 0 6 0 9 0 8 10 9 0 0 0 3 0 2 0 10 0 0 5 5 10 0 9 0 6 0 0 0 0 9 0 8 0 0 0 0 7 9 0 0 5 3 0 0 7 0 6 3 6 9 0 2 1 0 2 9 9 0 0 3 0 0 1 3 0 0 10 8 6 0 10 4 
			4 0 0 5 0 0 0 0 0 0 0 1 0 6 6 7 5 5 4 0 0 0 0 1 7 0 8 0 3 0 0 4 0 10 1 0 9 10 6 0 0 10 0 8 10 0 2 0 0 9 9 9 0 3 8 9 9 0 8 0 4 0 0 0 0 0 0 0 1 0 8 1 8 7 9 7 0 2 0 7 9 0 6 0 0 0 4 7 4 0 4 0 10 0 3 0 10 8 0 9 
			4 4 0 0 0 0 0 8 0 0 6 4 2 1 8 10 5 4 10 5 0 10 0 9 0 0 0 3 10 0 7 0 0 8 2 5 7 6 0 0 0 4 2 0 1 1 0 0 0 7 0 7 0 10 10 8 0 7 0 4 0 4 3 7 0 0 0 10 0 0 8 0 0 0 0 0 0 4 0 0 0 0 5 10 5 0 0 5 0 6 0 6 10 0 6 0 0 0 0 8 
			7 0 6 0 0 0 9 10 3 0 9 4 0 1 2 8 9 9 0 8 0 6 0 9 10 0 0 6 0 10 0 7 2 0 0 0 10 0 0 6 0 10 4 0 0 0 2 0 5 4 0 9 0 4 9 9 6 0 0 0 4 0 9 0 2 5 0 0 1 0 0 0 0 10 0 8 0 5 0 4 7 0 7 0 0 3 7 0 0 0 8 2 0 10 1 6 0 0 0 4 
			1 0 0 0 4 5 0 0 2 7 4 0 2 0 0 6 4 0 10 5 0 2 5 0 0 0 8 8 0 9 0 0 6 10 6 0 4 1 8 0 1 0 0 0 0 0 4 7 5 1 8 7 2 0 0 0 4 6 0 0 3 9 0 9 4 0 5 10 0 9 0 4 4 1 8 0 0 9 0 0 0 0 2 7 0 2 4 0 4 0 0 7 2 6 0 0 7 0 0 7 
			5 0 0 3 0 2 10 0 1 2 10 6 0 9 9 0 4 0 8 0 3 9 0 0 0 8 1 2 8 0 3 0 0 0 3 1 0 0 0 2 6 0 0 6 8 0 6 0 0 0 0 0 10 3 9 6 10 0 0 0 7 0 9 0 6 10 0 5 7 10 10 2 10 6 10 7 0 6 8 0 8 5 0 2 4 5 3 1 0 5 2 0 4 6 9 1 0 5 2 0 
			7 0 9 9 0 0 1 3 0 0 4 0 6 0 0 0 7 0 0 0 4 10 8 6 0 9 3 7 5 10 0 1 0 0 0 0 4 0 2 10 0 0 0 0 5 0 0 3 0 7 0 0 0 8 0 0 0 0 7 0 0 2 4 6 0 9 0 9 1 0 0 0 2 0 0 0 7 0 0 9 3 7 0 1 2 10 0 7 0 0 4 2 10 0 2 0 0 9 7 2 
			9 0 3 8 9 7 2 0 0 1 9 0 7 0 0 4 0 10 0 0 0 0 0 0 0 9 7 0 6 0 4 0 0 5 4 0 8 0 0 6 0 0 6 0 4 0 3 0 4 0 10 6 0 0 0 0 7 4 9 0 0 5 0 10 9 0 5 4 8 0 0 2 0 0 0 1 0 0 4 3 0 1 8 0 0 2 4 0 7 4 0 0 9 0 0 2 0 0 0 3 
			0 2 0 10 8 2 0 7 1 0 0 0 4 6 0 0 1 3 0 10 6 7 0 0 0 0 8 0 0 0 0 0 0 0 0 0 8 0 0 0 9 0 0 9 4 4 0 0 1 0 6 4 0 0 7 0 0 0 0 0 0 0 5 0 0 5 0 3 0 2 5 1 6 0 0 7 3 2 0 0 0 7 5 0 2 0 8 0 0 0 9 6 0 0 8 0 0 0 8 4 
			0 6 0 0 5 9 0 4 0 0 0 8 0 4 0 1 0 1 10 0 4 0 8 0 8 3 0 0 0 7 4 0 3 1 0 3 0 0 10 0 10 7 1 1 8 6 7 0 0 1 0 7 3 0 0 0 3 10 0 0 10 0 10 5 9 4 3 0 3 7 7 0 0 0 9 0 4 1 0 0 10 3 0 1 0 0 8 0 0 8 9 0 0 9 6 10 0 1 2 5 
			4 3 4 0 0 9 3 0 0 0 5 1 0 0 8 0 0 0 0 2 1 9 10 0 0 0 6 0 1 0 0 7 6 6 0 0 5 0 0 2 1 0 6 0 4 0 9 0 8 4 0 0 0 2 0 2 0 0 5 1 0 1 0 7 1 8 0 3 0 9 5 0 4 1 0 0 3 10 4 0 9 0 5 0 0 0 4 2 0 0 3 0 1 0 0 1 0 0 0 0 
			0 0 0 5 0 1 9 6 4 4 8 0 0 0 5 5 0 0 1 0 5 0 10 0 7 0 0 8 0 0 10 0 2 0 6 6 0 0 0 8 0 5 3 0 0 7 0 0 0 5 0 2 0 5 4 3 6 0 3 0 0 0 9 10 0 0 2 7 9 0 1 1 0 3 9 1 8 0 9 0 0 3 0 7 2 0 0 2 4 10 0 0 4 8 9 0 3 2 0 7 
			10 0 0 0 10 0 2 6 0 0 0 8 0 8 5 6 0 0 0 0 5 0 0 9 0 0 7 0 6 8 0 7 8 9 0 5 4 7 1 2 0 5 9 0 7 0 0 6 2 0 2 0 0 7 9 4 0 0 0 8 8 0 0 10 0 0 5 7 5 1 0 10 0 4 10 0 3 0 4 0 0 9 3 0 7 0 0 0 0 0 4 4 8 2 0 1 7 0 4 3 
			0 0 10 7 5 1 6 0 0 0 0 2 3 0 9 0 6 3 10 0 0 6 0 9 2 0 0 7 0 0 0 0 0 0 0 9 0 6 9 10 0 0 4 3 1 0 0 0 0 0 0 0 0 4 0 0 4 7 0 1 0 0 4 2 0 2 1 0 0 1 10 0 8 0 0 9 0 3 0 9 0 0 0 0 0 0 5 1 0 0 8 8 0 0 10 6 0 3 10 0 
			1 8 0 0 0 0 8 0 9 0 0 0 7 4 6 0 2 0 0 4 5 5 1 0 0 8 9 8 0 2 9 8 5 5 4 0 3 8 0 0 0 0 3 8 7 6 0 10 0 0 0 10 0 3 0 7 0 10 7 8 0 0 4 10 2 0 6 0 4 0 0 8 0 9 8 0 0 8 7 10 0 0 8 7 0 10 0 7 4 0 0 0 2 4 0 0 0 7 0 0 
			8 0 4 6 8 0 2 2 0 9 5 9 0 0 0 6 0 0 10 0 0 0 6 0 0 0 0 7 0 9 3 0 8 5 2 0 0 0 7 0 2 1 9 2 0 0 4 6 5 7 0 9 10 0 0 0 6 3 0 7 0 10 1 6 0 0 0 0 1 3 4 0 9 0 10 0 0 4 8 0 0 7 10 2 4 2 0 0 8 9 10 0 8 6 1 9 0 5 0 0 
			7 0 5 5 0 9 3 0 0 8 4 8 2 0 1 0 10 8 2 8 0 10 6 4 10 0 10 0 0 6 0 0 10 7 9 3 8 0 5 0 0 0 0 4 0 2 0 0 0 5 0 1 2 9 9 5 0 0 6 9 0 0 8 10 0 0 0 9 0 9 10 0 8 10 0 8 0 2 8 0 0 0 0 0 0 0 3 0 0 4 2 0 0 5 0 0 9 5 0 0 
			1 8 0 6 2 0 0 8 3 0 6 0 8 0 0 7 9 6 0 7 5 8 10 6 0 1 6 0 0 6 0 0 0 2 0 4 0 0 4 8 2 0 0 10 8 10 0 0 8 0 0 0 0 10 9 0 0 0 3 7 0 8 0 7 0 1 7 0 0 1 0 9 0 0 8 0 1 0 0 7 5 9 10 0 0 10 6 9 0 0 0 4 0 0 3 0 9 0 0 3 
			0 0 3 10 0 0 0 10 0 5 0 9 0 0 10 4 4 3 7 1 0 0 0 7 10 10 0 0 8 0 6 0 5 9 0 6 0 0 0 0 0 10 0 2 4 0 1 0 1 0 0 2 0 9 10 4 7 8 6 0 0 0 0 0 7 0 3 4 3 8 3 0 0 0 0 1 0 9 0 0 1 3 0 10 4 0 0 5 2 0 0 0 8 0 0 0 0 2 0 9 
			0 9 0 5 10 0 0 0 0 2 0 0 0 4 4 0 5 0 2 0 0 0 9 0 8 0 4 0 5 0 3 1 4 6 7 9 7 0 1 10 0 0 4 0 5 0 1 0 0 3 0 7 3 0 0 9 3 8 9 2 4 5 9 6 0 0 2 1 10 0 0 3 8 4 2 0 9 0 2 7 4 4 3 8 0 0 0 0 0 6 0 0 3 3 3 0 8 3 8 0 
			0 0 0 2 4 0 7 7 4 3 3 7 2 0 0 0 0 0 0 6 2 0 0 4 4 0 0 0 7 0 0 0 0 0 4 0 10 0 6 6 8 0 0 7 0 9 0 3 0 3 1 9 5 4 0 0 5 10 0 0 0 0 0 8 0 4 0 0 4 9 4 0 7 8 8 0 0 2 0 5 0 9 9 10 2 0 5 7 3 1 1 1 0 0 5 0 0 0 9 7 
			7 0 0 0 0 5 9 1 0 0 0 0 0 5 7 4 7 0 0 4 0 0 6 3 2 8 0 9 0 1 6 0 0 9 8 0 4 0 7 4 7 0 0 0 0 0 0 2 3 0 0 0 10 0 0 7 9 0 2 7 0 4 0 0 9 3 0 0 0 0 0 9 10 0 0 7 0 7 5 0 1 0 0 0 0 0 0 0 0 0 2 0 10 0 0 0 0 0 6 1 
			9 0 0 1 0 1 0 0 0 5 0 3 0 1 0 0 0 1 5 0 4 0 5 0 3 0 0 0 0 2 2 9 5 1 4 0 0 0 0 8 0 6 1 0 0 5 0 1 0 0 4 4 0 0 0 7 7 1 1 9 0 7 0 8 3 0 0 10 9 0 0 0 0 0 0 5 1 4 0 1 0 8 7 0 1 0 2 0 0 5 0 0 0 0 0 0 6 4 7 8 
			1 9 0 3 0 9 5 6 3 0 0 8 2 0 0 10 1 0 6 0 5 0 6 0 7 0 0 10 3 1 3 0 0 0 6 4 0 0 0 0 4 0 10 0 3 3 1 3 10 2 0 6 7 0 5 3 0 0 0 0 0 0 0 5 7 1 7 3 0 3 9 0 0 7 0 9 3 4 9 0 8 0 5 3 0 8 3 0 6 0 5 1 4 1 8 0 3 0 3 3 
			0 0 0 9 3 9 7 0 0 0 6 0 0 0 0 1 4 0 3 0 0 2 1 9 2 5 2 0 9 8 5 4 0 0 6 1 0 6 0 0 0 3 0 0 7 0 3 7 6 1 3 0 8 0 0 7 1 8 2 6 5 7 2 0 0 8 5 0 5 0 3 0 8 10 0 10 0 3 9 0 7 5 0 9 0 6 0 0 8 1 0 0 0 4 0 8 5 0 7 3 
			10 8 1 0 0 0 0 9 10 5 0 5 0 0 6 3 9 1 0 9 9 8 9 0 5 7 2 1 0 6 2 8 10 3 4 4 9 0 5 0 2 3 4 1 8 0 0 0 0 0 0 0 6 0 0 2 6 3 9 0 10 0 7 2 1 0 0 1 0 7 0 0 7 2 0 0 10 8 10 0 0 3 9 0 3 10 0 0 8 6 2 0 2 7 0 5 0 5 7 0 
			0 0 1 8 0 4 8 2 7 0 0 7 10 7 2 9 0 10 10 0 0 10 7 2 7 0 9 0 8 0 4 8 3 4 0 5 0 2 0 1 9 4 0 10 0 0 1 0 0 0 0 0 4 0 2 0 8 10 9 0 5 0 0 4 2 0 2 0 0 2 7 0 0 4 0 0 4 0 2 0 1 0 0 3 0 6 1 0 0 1 0 0 0 7 9 0 0 4 0 10 
			0 0 5 0 2 5 8 0 0 0 0 3 0 0 0 1 0 0 0 0 1 10 5 0 10 8 0 0 6 0 0 1 7 0 2 0 0 6 1 0 0 0 2 0 0 0 0 0 0 10 0 3 0 0 4 6 4 0 0 0 0 3 2 5 10 2 0 0 0 0 0 0 10 2 0 10 0 0 0 0 0 8 6 10 6 0 4 4 10 0 5 5 6 0 4 10 0 0 7 0 
			1 3 9 0 7 0 4 0 0 2 0 0 0 7 0 0 7 0 7 6 4 2 0 0 0 8 2 0 8 4 5 7 6 5 3 0 0 0 7 8 3 7 0 0 0 0 0 9 0 0 4 8 1 0 0 3 1 10 0 4 0 7 4 3 0 4 8 8 4 0 0 5 0 0 3 6 0 0 5 0 2 3 0 0 1 4 0 3 7 0 0 4 0 5 0 3 0 7 0 6 
			0 1 0 1 0 2 0 0 9 0 4 1 0 0 7 0 3 0 9 7 3 6 0 2 7 8 7 3 7 7 0 1 0 8 0 0 3 1 0 0 1 4 0 0 0 0 7 0 0 2 1 3 0 0 0 0 7 0 3 7 5 0 0 1 7 0 0 0 2 2 0 1 7 0 0 9 5 0 7 0 0 0 0 0 0 4 3 0 3 1 1 7 1 1 0 9 2 0 3 9 
			0 0 2 9 10 0 1 0 5 4 4 4 6 5 4 0 4 0 0 0 4 0 3 0 7 0 0 0 0 0 7 0 0 0 1 0 0 1 5 0 0 2 1 5 1 0 6 0 7 0 0 6 3 9 0 0 0 0 0 4 0 0 4 0 0 7 0 0 0 4 0 0 4 8 0 0 2 0 3 0 0 6 8 8 0 10 7 3 0 9 1 0 0 3 0 10 0 3 5 8 
			0 6 3 0 7 0 4 0 0 1 8 9 5 9 2 0 0 0 5 0 0 8 0 3 9 7 0 6 10 0 2 0 7 4 6 0 0 0 2 2 5 0 0 0 2 5 0 0 0 0 2 1 8 0 0 0 3 7 0 0 6 0 0 5 0 4 0 8 0 10 0 0 0 9 4 0 0 6 1 0 5 0 1 6 1 0 0 1 9 0 4 9 7 0 4 0 5 0 7 6 
			3 4 0 0 7 0 0 1 3 8 8 1 0 0 8 0 8 2 0 0 3 9 10 0 8 8 2 0 0 0 8 2 0 0 0 0 5 10 0 0 3 0 2 9 1 0 0 6 0 0 3 0 6 0 0 0 3 3 1 4 0 8 0 2 4 0 9 9 3 0 4 8 0 10 2 0 0 0 1 2 0 5 0 2 0 5 0 1 1 4 0 3 10 0 6 0 8 2 0 5 
			4 7 0 8 1 9 0 10 4 0 1 4 5 9 0 0 3 6 0 1 4 0 3 0 4 1 0 6 0 0 4 0 0 7 9 0 1 0 8 7 0 6 5 4 0 2 4 0 6 0 10 8 0 2 0 0 5 0 3 0 6 2 7 0 2 0 6 0 0 0 4 8 0 0 0 4 0 0 1 0 0 1 0 0 0 5 4 7 0 9 3 0 4 0 0 7 4 0 6 9 
			0 6 6 10 0 0 0 0 5 0 2 0 0 0 3 0 0 0 0 7 4 0 6 4 7 0 0 0 3 0 0 0 9 0 0 5 0 0 0 0 7 2 2 0 0 8 0 10 7 8 9 10 5 5 0 0 0 1 0 10 10 0 2 4 10 9 0 0 1 4 8 0 2 8 0 0 8 3 0 10 0 4 0 2 0 6 0 1 0 7 10 4 0 9 2 0 0 0 1 0 
			0 7 0 0 0 7 9 7 0 6 1 0 0 7 9 0 0 9 9 6 0 5 0 0 0 8 10 0 1 3 0 0 0 2 4 4 0 0 0 0 5 7 7 0 0 6 6 2 0 6 4 0 0 9 9 4 0 5 0 0 0 10 6 6 0 0 0 9 0 8 2 0 4 6 5 0 0 3 0 0 0 1 4 7 7 0 5 1 3 0 0 0 9 0 8 0 5 1 1 0 
			3 0 0 0 0 1 5 0 8 0 0 4 0 0 8 0 10 0 5 1 10 2 1 0 7 1 0 2 1 0 0 7 0 7 1 7 0 1 0 9 5 0 9 3 0 7 6 0 0 0 9 7 8 0 1 0 7 0 10 3 6 1 0 9 2 0 8 6 0 9 0 10 0 1 0 3 0 3 5 0 0 8 0 0 9 4 0 0 0 4 6 0 2 8 0 5 2 0 3 0 
			1 0 0 9 9 0 6 6 0 2 8 5 0 0 10 0 0 0 0 10 0 3 0 3 0 6 9 7 0 0 3 3 0 0 2 2 6 2 0 10 3 5 4 0 0 2 9 7 2 8 10 9 5 6 0 6 0 0 8 0 0 6 0 1 0 2 0 10 1 0 1 6 0 9 0 0 0 0 0 0 0 0 8 5 0 10 3 9 10 0 0 7 0 0 5 0 3 0 10 0 
			8 0 3 0 1 6 1 0 1 9 9 0 0 0 10 10 0 0 0 1 8 2 7 0 5 10 4 0 8 6 4 0 4 0 1 2 3 0 7 8 0 2 2 0 0 0 6 10 0 2 2 3 8 0 6 9 1 5 6 10 0 0 7 0 0 0 0 0 0 3 7 0 0 0 9 9 0 8 0 0 6 3 5 0 0 0 0 2 0 5 8 4 0 5 2 3 0 5 5 0 
			0 5 0 0 5 0 0 7 0 4 5 0 0 9 0 0 1 0 2 9 2 0 5 0 0 6 8 4 7 0 0 0 6 0 0 8 0 0 2 0 2 0 0 6 4 6 6 9 3 0 5 6 0 1 4 7 0 0 0 8 0 0 0 5 9 0 0 1 0 2 0 3 7 5 5 0 2 3 0 0 4 0 0 5 4 0 7 0 3 0 2 0 0 1 0 0 5 0 3 4 
			3 6 0 0 0 0 9 9 0 8 0 2 2 2 1 0 3 0 0 3 0 0 0 1 0 0 6 5 7 0 6 0 10 0 0 5 2 0 4 1 0 0 0 1 1 7 4 4 3 6 0 0 0 0 6 0 0 3 10 0 0 0 0 2 7 0 8 2 0 0 4 10 0 0 0 0 0 8 9 6 7 3 7 7 0 7 0 3 5 7 0 6 1 1 3 10 5 3 0 8 
			5 0 10 1 3 0 4 0 5 10 0 6 0 0 6 10 0 5 0 0 0 0 3 2 1 0 10 7 0 0 0 10 7 5 2 0 0 0 8 7 10 4 9 3 0 2 0 5 8 1 8 1 0 0 0 5 7 0 4 9 8 4 7 0 2 3 4 5 0 7 3 0 0 0 0 3 9 0 7 1 8 3 3 0 10 0 6 9 8 6 5 9 0 0 0 0 0 4 8 0 

Observation 1: 
Present instant : 25.0                
Number of move events : 167595              
Number of evaporation events : 0                   
Top candidate cycles : 
Best Hamiltonian cycle :
			No Hamiltonian cycle found.

Observation 2: 
Present instant : 50.0                
Number of move events : 327418              
Number of evaporation events : 0                   
Top candidate cycles : 
Best Hamiltonian cycle :
			No Hamiltonian cycle found.

Observation 3: 
Present instant : 75.0                
Number of move events : 479637              
Number of evaporation events : 1115                
Top candidate cycles : 
			{1,45,77,56,49,98,54,10,43,34,88,22,5,100,50,83,94,85,8,32,60,69,15,93,53,36,4,66,90,31,82,23,95,65,84,3,59,42,21,79,13,7,72,67,51,97,70,74,35,73,20,2,57,18,38,48,81,12,11,92,26,58,29,33,24,16,9,55,47,37,46,30,80,14,99,71,64,17,62,40,87,27,39,86,6,19,78,68,44,89,63,41,76,75,91,25,28,61,52,96}:373

			{1,73,30,82,53,36,40,99,45,50,100,65,92,79,51,14,38,22,42,74,98,39,90,15,47,89,13,37,33,78,94,2,54,34,80,62,52,88,72,70,85,3,55,86,25,83,19,21,58,24,16,77,81,6,64,29,28,7,11,63,61,95,44,84,18,60,75,17,87,31,96,41,76,9,93,66,10,35,32,26,59,91,68,43,97,57,48,49,71,67,8,5,46,20,69,12,56,23,27,4}:380

			{1,91,71,96,7,51,37,40,41,84,43,94,97,50,34,81,87,66,72,45,77,68,64,10,2,57,13,79,21,69,3,55,75,78,19,33,14,18,38,52,5,92,4,39,99,44,9,67,6,83,59,85,90,26,48,12,88,30,76,20,95,65,62,100,42,47,63,61,60,74,31,73,98,17,82,8,28,70,56,49,89,35,54,25,80,15,11,53,93,24,58,23,22,36,27,16,86,32,29,46}:382

			{1,96,35,89,3,36,93,78,95,6,66,82,92,79,51,56,39,86,87,21,50,17,19,70,25,91,8,4,81,77,44,84,90,97,76,40,18,38,72,13,63,74,85,71,100,60,54,49,20,22,5,45,61,11,94,68,41,98,99,27,10,43,34,7,69,62,12,55,47,14,73,37,46,75,33,24,80,26,52,32,28,64,31,9,67,83,16,23,65,88,42,59,53,58,57,2,30,15,48,29}:382

			{1,29,86,21,70,57,46,41,88,93,82,94,78,5,15,85,77,68,31,2,55,37,35,4,53,89,39,52,17,67,100,56,80,30,27,18,42,12,26,58,81,43,97,36,72,6,34,7,74,44,99,98,19,90,66,76,11,69,50,45,47,14,61,95,22,49,24,59,75,10,96,32,65,73,23,20,79,51,87,48,71,33,13,25,92,54,40,3,84,16,63,83,38,60,91,64,9,8,28,62}:387

Best Hamiltonian cycle :
			{1,63,9,4,34,33,86,74,69,12,88,94,99,45,91,18,42,85,87,56,24,77,57,68,100,76,26,96,62,14,40,36,25,20,37,61,60,80,66,11,43,48,59,81,58,21,92,17,2,73,52,79,64,35,46,44,31,23,49,54,98,19,8,32,71,15,30,29,3,89,7,55,47,53,50,5,51,97,95,41,82,93,84,16,6,13,38,39,10,90,28,27,65,22,83,78,67,72,70,75}:353

Observation 4: 
Present instant : 100.0               
Number of move events : 630812              
Number of evaporation events : 2975                
Top candidate cycles : 
			{1,75,52,38,13,79,8,84,18,12,32,22,65,7,55,86,16,74,78,33,68,71,67,4,51,88,97,57,95,62,43,41,98,77,47,3,90,10,66,96,36,99,92,37,34,58,81,85,100,25,72,64,44,40,21,9,63,93,82,30,19,70,6,31,2,53,87,27,11,45,91,80,49,54,26,59,42,94,29,83,60,69,15,14,61,35,50,48,39,5,76,24,46,20,56,23,17,89,73,28}:366

			{1,92,26,9,4,2,39,86,95,96,32,24,100,67,85,77,69,56,20,49,28,48,34,14,40,59,17,98,47,21,68,33,22,23,6,35,45,5,97,29,30,55,50,57,12,91,79,10,43,84,82,16,7,53,64,31,78,27,60,89,88,51,83,61,42,74,58,46,44,99,94,75,15,3,66,76,80,81,65,63,41,18,72,73,37,62,54,70,90,11,8,38,36,71,93,25,13,19,87,52}:369

			{1,80,48,82,93,36,45,72,22,53,87,85,38,52,63,9,32,88,19,83,11,46,39,84,15,69,74,31,66,62,33,34,68,64,35,55,86,23,95,41,24,60,75,54,26,27,40,13,50,5,92,99,98,78,59,42,47,97,71,51,14,73,37,44,21,16,6,81,4,79,90,29,94,56,20,25,8,7,28,61,100,43,12,18,10,57,77,65,17,2,91,89,3,58,30,76,70,67,49,96}:372

			{1,45,77,56,49,98,54,10,43,34,88,22,5,100,50,83,94,85,8,32,60,69,15,93,53,36,4,66,90,31,82,23,95,65,84,3,59,42,21,79,13,7,72,67,51,97,70,74,35,73,20,2,57,18,38,48,81,12,11,92,26,58,29,33,24,16,9,55,47,37,46,30,80,14,99,71,64,17,62,40,87,27,39,86,6,19,78,68,44,89,63,41,76,75,91,25,28,61,52,96}:373

			{1,13,99,24,88,64,36,40,8,85,31,92,90,3,22,20,38,39,60,71,96,56,86,93,23,55,9,26,58,74,42,21,14,81,30,82,7,34,76,95,53,78,73,17,67,52,97,91,37,27,43,89,35,10,87,79,4,72,98,68,84,45,5,46,51,54,25,80,62,32,29,94,15,2,28,57,83,61,12,77,19,75,59,66,16,11,63,49,48,41,33,44,50,47,69,65,100,70,6,18}:379

Best Hamiltonian cycle :
			{1,63,9,4,34,33,86,74,69,12,88,94,99,45,91,18,42,85,87,56,24,77,57,68,100,76,26,96,62,14,40,36,25,20,37,61,60,80,66,11,43,48,59,81,58,21,92,17,2,73,52,79,64,35,46,44,31,23,49,54,98,19,8,32,71,15,30,29,3,89,7,55,47,53,50,5,51,97,95,41,82,93,84,16,6,13,38,39,10,90,28,27,65,22,83,78,67,72,70,75}:353

Observation 5: 
Present instant : 125.0               
Number of move events : 784427              
Number of evaporation events : 4349                
Top candidate cycles : 
			{1,75,52,38,13,79,8,84,18,12,32,22,65,7,55,86,16,74,78,33,68,71,67,4,51,88,97,57,95,62,43,41,98,77,47,3,90,10,66,96,36,99,92,37,34,58,81,85,100,25,72,64,44,40,21,9,63,93,82,30,19,70,6,31,2,53,87,27,11,45,91,80,49,54,26,59,42,94,29,83,60,69,15,14,61,35,50,48,39,5,76,24,46,20,56,23,17,89,73,28}:366

			{1,92,26,9,4,2,39,86,95,96,32,24,100,67,85,77,69,56,20,49,28,48,34,14,40,59,17,98,47,21,68,33,22,23,6,35,45,5,97,29,30,55,50,57,12,91,79,10,43,84,82,16,7,53,64,31,78,27,60,89,88,51,83,61,42,74,58,46,44,99,94,75,15,3,66,76,80,81,65,63,41,18,72,73,37,62,54,70,90,11,8,38,36,71,93,25,13,19,87,52}:369

			{1,80,48,82,93,36,45,72,22,53,87,85,38,52,63,9,32,88,19,83,11,46,39,84,15,69,74,31,66,62,33,34,68,64,35,55,86,23,95,41,24,60,75,54,26,27,40,13,50,5,92,99,98,78,59,42,47,97,71,51,14,73,37,44,21,16,6,81,4,79,90,29,94,56,20,25,8,7,28,61,100,43,12,18,10,57,77,65,17,2,91,89,3,58,30,76,70,67,49,96}:372

			{1,45,77,56,49,98,54,10,43,34,88,22,5,100,50,83,94,85,8,32,60,69,15,93,53,36,4,66,90,31,82,23,95,65,84,3,59,42,21,79,13,7,72,67,51,97,70,74,35,73,20,2,57,18,38,48,81,12,11,92,26,58,29,33,24,16,9,55,47,37,46,30,80,14,99,71,64,17,62,40,87,27,39,86,6,19,78,68,44,89,63,41,76,75,91,25,28,61,52,96}:373

			{1,34,74,8,21,91,2,18,45,82,92,63,73,7,16,71,75,87,56,84,89,96,40,35,81,76,95,41,12,99,80,17,29,32,58,3,72,88,50,83,57,48,65,28,64,10,66,37,38,36,77,78,90,15,93,43,20,62,25,54,47,55,9,26,59,42,24,33,70,97,5,53,22,39,60,19,98,68,69,27,52,49,67,6,86,85,79,4,51,14,11,94,46,61,13,30,31,23,44,100}:376

Best Hamiltonian cycle :
			{1,73,48,99,49,27,34,24,56,3,44,55,7,71,70,76,36,68,19,60,18,6,16,66,4,51,53,50,88,92,26,12,32,15,5,97,20,22,37,14,62,47,85,57,83,69,91,45,52,39,87,94,98,17,59,35,89,43,72,13,30,82,41,46,100,25,80,65,84,93,2,61,8,23,40,90,81,58,74,42,29,28,31,54,75,79,78,10,11,33,77,67,9,21,86,63,64,96,38,95}:343

Observation 6: 
Present instant : 150.0               
Number of move events : 936484              
Number of evaporation events : 5576                
Top candidate cycles : 
			{1,75,52,38,13,79,8,84,18,12,32,22,65,7,55,86,16,74,78,33,68,71,67,4,51,88,97,57,95,62,43,41,98,77,47,3,90,10,66,96,36,99,92,37,34,58,81,85,100,25,72,64,44,40,21,9,63,93,82,30,19,70,6,31,2,53,87,27,11,45,91,80,49,54,26,59,42,94,29,83,60,69,15,14,61,35,50,48,39,5,76,24,46,20,56,23,17,89,73,28}:366

			{1,92,26,9,4,2,39,86,95,96,32,24,100,67,85,77,69,56,20,49,28,48,34,14,40,59,17,98,47,21,68,33,22,23,6,35,45,5,97,29,30,55,50,57,12,91,79,10,43,84,82,16,7,53,64,31,78,27,60,89,88,51,83,61,42,74,58,46,44,99,94,75,15,3,66,76,80,81,65,63,41,18,72,73,37,62,54,70,90,11,8,38,36,71,93,25,13,19,87,52}:369

			{1,80,48,82,93,36,45,72,22,53,87,85,38,52,63,9,32,88,19,83,11,46,39,84,15,69,74,31,66,62,33,34,68,64,35,55,86,23,95,41,24,60,75,54,26,27,40,13,50,5,92,99,98,78,59,42,47,97,71,51,14,73,37,44,21,16,6,81,4,79,90,29,94,56,20,25,8,7,28,61,100,43,12,18,10,57,77,65,17,2,91,89,3,58,30,76,70,67,49,96}:372

			{1,45,77,56,49,98,54,10,43,34,88,22,5,100,50,83,94,85,8,32,60,69,15,93,53,36,4,66,90,31,82,23,95,65,84,3,59,42,21,79,13,7,72,67,51,97,70,74,35,73,20,2,57,18,38,48,81,12,11,92,26,58,29,33,24,16,9,55,47,37,46,30,80,14,99,71,64,17,62,40,87,27,39,86,6,19,78,68,44,89,63,41,76,75,91,25,28,61,52,96}:373

			{1,34,74,8,21,91,2,18,45,82,92,63,73,7,16,71,75,87,56,84,89,96,40,35,81,76,95,41,12,99,80,17,29,32,58,3,72,88,50,83,57,48,65,28,64,10,66,37,38,36,77,78,90,15,93,43,20,62,25,54,47,55,9,26,59,42,24,33,70,97,5,53,22,39,60,19,98,68,69,27,52,49,67,6,86,85,79,4,51,14,11,94,46,61,13,30,31,23,44,100}:376

Best Hamiltonian cycle :
			{1,73,48,99,49,27,34,24,56,3,44,55,7,71,70,76,36,68,19,60,18,6,16,66,4,51,53,50,88,92,26,12,32,15,5,97,20,22,37,14,62,47,85,57,83,69,91,45,52,39,87,94,98,17,59,35,89,43,72,13,30,82,41,46,100,25,80,65,84,93,2,61,8,23,40,90,81,58,74,42,29,28,31,54,75,79,78,10,11,33,77,67,9,21,86,63,64,96,38,95}:343

Observation 7: 
Present instant : 175.0               
Number of move events : 1089054             
Number of evaporation events : 6888                
Top candidate cycles : 
			{1,43,27,76,26,5,86,66,7,55,12,60,4,100,44,33,34,81,87,20,32,88,51,71,92,28,19,78,75,70,52,93,29,41,64,6,31,82,2,99,24,46,35,95,62,14,67,49,77,47,40,39,98,21,69,22,23,73,65,54,72,58,94,36,56,61,18,57,90,10,9,17,50,74,42,30,80,91,8,15,11,79,89,3,85,59,83,63,37,97,25,13,38,96,48,16,68,53,84,45}:364

			{1,75,52,38,13,79,8,84,18,12,32,22,65,7,55,86,16,74,78,33,68,71,67,4,51,88,97,57,95,62,43,41,98,77,47,3,90,10,66,96,36,99,92,37,34,58,81,85,100,25,72,64,44,40,21,9,63,93,82,30,19,70,6,31,2,53,87,27,11,45,91,80,49,54,26,59,42,94,29,83,60,69,15,14,61,35,50,48,39,5,76,24,46,20,56,23,17,89,73,28}:366

			{1,91,18,14,62,92,79,24,99,78,95,35,36,40,23,8,11,83,81,6,41,39,4,51,88,2,52,77,3,29,65,28,25,97,33,55,12,61,90,7,53,75,87,100,60,69,71,64,15,32,22,57,17,59,30,42,47,85,27,49,54,10,19,13,82,66,67,70,74,44,84,34,58,45,5,26,80,48,37,50,46,20,56,43,89,38,96,68,98,94,73,93,21,86,63,72,76,9,16,31}:368

			{1,92,26,9,4,2,39,86,95,96,32,24,100,67,85,77,69,56,20,49,28,48,34,14,40,59,17,98,47,21,68,33,22,23,6,35,45,5,97,29,30,55,50,57,12,91,79,10,43,84,82,16,7,53,64,31,78,27,60,89,88,51,83,61,42,74,58,46,44,99,94,75,15,3,66,76,80,81,65,63,41,18,72,73,37,62,54,70,90,11,8,38,36,71,93,25,13,19,87,52}:369

			{1,41,20,15,99,13,7,69,74,48,43,44,16,86,38,22,34,84,57,58,91,32,8,68,87,62,80,35,95,90,61,14,10,89,11,76,75,27,42,23,100,66,82,92,4,25,72,88,2,55,47,85,3,93,70,59,40,37,65,29,30,97,36,83,67,46,28,64,6,81,31,96,5,39,78,50,17,73,60,18,52,26,12,33,54,49,53,63,9,45,98,94,71,51,21,79,24,56,77,19}:370

Best Hamiltonian cycle :
			{1,73,48,99,49,27,34,24,56,3,44,55,7,71,70,76,36,68,19,60,18,6,16,66,4,51,53,50,88,92,26,12,32,15,5,97,20,22,37,14,62,47,85,57,83,69,91,45,52,39,87,94,98,17,59,35,89,43,72,13,30,82,41,46,100,25,80,65,84,93,2,61,8,23,40,90,81,58,74,42,29,28,31,54,75,79,78,10,11,33,77,67,9,21,86,63,64,96,38,95}:343

Observation 8: 
Present instant : 200.0               
Number of move events : 1241200             
Number of evaporation events : 7491                
Top candidate cycles : 
			{1,3,87,29,2,14,21,76,92,91,72,45,9,44,100,25,81,85,8,32,36,38,96,71,83,97,94,98,99,37,63,53,93,52,66,82,47,55,10,64,28,73,75,15,62,33,19,59,5,54,35,95,86,88,51,58,74,11,13,12,17,6,70,43,68,16,84,18,30,31,90,7,69,41,42,34,24,80,23,26,49,77,67,78,4,39,27,40,79,89,60,56,20,22,57,48,46,61,50,65}:353

			{1,43,27,76,26,5,86,66,7,55,12,60,4,100,44,33,34,81,87,20,32,88,51,71,92,28,19,78,75,70,52,93,29,41,64,6,31,82,2,99,24,46,35,95,62,14,67,49,77,47,40,39,98,21,69,22,23,73,65,54,72,58,94,36,56,61,18,57,90,10,9,17,50,74,42,30,80,91,8,15,11,79,89,3,85,59,83,63,37,97,25,13,38,96,48,16,68,53,84,45}:364

			{1,75,52,38,13,79,8,84,18,12,32,22,65,7,55,86,16,74,78,33,68,71,67,4,51,88,97,57,95,62,43,41,98,77,47,3,90,10,66,96,36,99,92,37,34,58,81,85,100,25,72,64,44,40,21,9,63,93,82,30,19,70,6,31,2,53,87,27,11,45,91,80,49,54,26,59,42,94,29,83,60,69,15,14,61,35,50,48,39,5,76,24,46,20,56,23,17,89,73,28}:366

			{1,91,18,14,62,92,79,24,99,78,95,35,36,40,23,8,11,83,81,6,41,39,4,51,88,2,52,77,3,29,65,28,25,97,33,55,12,61,90,7,53,75,87,100,60,69,71,64,15,32,22,57,17,59,30,42,47,85,27,49,54,10,19,13,82,66,67,70,74,44,84,34,58,45,5,26,80,48,37,50,46,20,56,43,89,38,96,68,98,94,73,93,21,86,63,72,76,9,16,31}:368

			{1,92,26,9,4,2,39,86,95,96,32,24,100,67,85,77,69,56,20,49,28,48,34,14,40,59,17,98,47,21,68,33,22,23,6,35,45,5,97,29,30,55,50,57,12,91,79,10,43,84,82,16,7,53,64,31,78,27,60,89,88,51,83,61,42,74,58,46,44,99,94,75,15,3,66,76,80,81,65,63,41,18,72,73,37,62,54,70,90,11,8,38,36,71,93,25,13,19,87,52}:369

Best Hamiltonian cycle :
			{1,73,48,99,49,27,34,24,56,3,44,55,7,71,70,76,36,68,19,60,18,6,16,66,4,51,53,50,88,92,26,12,32,15,5,97,20,22,37,14,62,47,85,57,83,69,91,45,52,39,87,94,98,17,59,35,89,43,72,13,30,82,41,46,100,25,80,65,84,93,2,61,8,23,40,90,81,58,74,42,29,28,31,54,75,79,78,10,11,33,77,67,9,21,86,63,64,96,38,95}:343

Observation 9: 
Present instant : 225.0               
Number of move events : 1393886             
Number of evaporation events : 9154                
Top candidate cycles : 
			{1,3,87,29,2,14,21,76,92,91,72,45,9,44,100,25,81,85,8,32,36,38,96,71,83,97,94,98,99,37,63,53,93,52,66,82,47,55,10,64,28,73,75,15,62,33,19,59,5,54,35,95,86,88,51,58,74,11,13,12,17,6,70,43,68,16,84,18,30,31,90,7,69,41,42,34,24,80,23,26,49,77,67,78,4,39,27,40,79,89,60,56,20,22,57,48,46,61,50,65}:353

			{1,43,27,76,26,5,86,66,7,55,12,60,4,100,44,33,34,81,87,20,32,88,51,71,92,28,19,78,75,70,52,93,29,41,64,6,31,82,2,99,24,46,35,95,62,14,67,49,77,47,40,39,98,21,69,22,23,73,65,54,72,58,94,36,56,61,18,57,90,10,9,17,50,74,42,30,80,91,8,15,11,79,89,3,85,59,83,63,37,97,25,13,38,96,48,16,68,53,84,45}:364

			{1,75,52,38,13,79,8,84,18,12,32,22,65,7,55,86,16,74,78,33,68,71,67,4,51,88,97,57,95,62,43,41,98,77,47,3,90,10,66,96,36,99,92,37,34,58,81,85,100,25,72,64,44,40,21,9,63,93,82,30,19,70,6,31,2,53,87,27,11,45,91,80,49,54,26,59,42,94,29,83,60,69,15,14,61,35,50,48,39,5,76,24,46,20,56,23,17,89,73,28}:366

			{1,91,18,14,62,92,79,24,99,78,95,35,36,40,23,8,11,83,81,6,41,39,4,51,88,2,52,77,3,29,65,28,25,97,33,55,12,61,90,7,53,75,87,100,60,69,71,64,15,32,22,57,17,59,30,42,47,85,27,49,54,10,19,13,82,66,67,70,74,44,84,34,58,45,5,26,80,48,37,50,46,20,56,43,89,38,96,68,98,94,73,93,21,86,63,72,76,9,16,31}:368

			{1,92,26,9,4,2,39,86,95,96,32,24,100,67,85,77,69,56,20,49,28,48,34,14,40,59,17,98,47,21,68,33,22,23,6,35,45,5,97,29,30,55,50,57,12,91,79,10,43,84,82,16,7,53,64,31,78,27,60,89,88,51,83,61,42,74,58,46,44,99,94,75,15,3,66,76,80,81,65,63,41,18,72,73,37,62,54,70,90,11,8,38,36,71,93,25,13,19,87,52}:369

Best Hamiltonian cycle :
			{1,73,48,99,49,27,34,24,56,3,44,55,7,71,70,76,36,68,19,60,18,6,16,66,4,51,53,50,88,92,26,12,32,15,5,97,20,22,37,14,62,47,85,57,83,69,91,45,52,39,87,94,98,17,59,35,89,43,72,13,30,82,41,46,100,25,80,65,84,93,2,61,8,23,40,90,81,58,74,42,29,28,31,54,75,79,78,10,11,33,77,67,9,21,86,63,64,96,38,95}:343

Observation 10: 
Present instant : 250.0               
Number of move events : 1545758             
Number of evaporation events : 11033               
Top candidate cycles : 
			{1,13,72,45,89,70,6,16,68,8,99,33,85,90,83,53,54,47,82,94,75,19,36,48,41,98,17,7,55,37,97,43,61,31,23,84,74,78,10,34,11,63,9,62,14,18,81,4,2,39,32,86,12,79,40,69,93,73,30,46,100,24,77,58,57,50,44,52,5,59,49,96,64,76,26,95,38,88,21,87,3,29,51,71,92,20,80,91,27,60,15,56,28,25,42,35,66,67,22,65}:345

			{1,3,87,29,2,14,21,76,92,91,72,45,9,44,100,25,81,85,8,32,36,38,96,71,83,97,94,98,99,37,63,53,93,52,66,82,47,55,10,64,28,73,75,15,62,33,19,59,5,54,35,95,86,88,51,58,74,11,13,12,17,6,70,43,68,16,84,18,30,31,90,7,69,41,42,34,24,80,23,26,49,77,67,78,4,39,27,40,79,89,60,56,20,22,57,48,46,61,50,65}:353

			{1,43,27,76,26,5,86,66,7,55,12,60,4,100,44,33,34,81,87,20,32,88,51,71,92,28,19,78,75,70,52,93,29,41,64,6,31,82,2,99,24,46,35,95,62,14,67,49,77,47,40,39,98,21,69,22,23,73,65,54,72,58,94,36,56,61,18,57,90,10,9,17,50,74,42,30,80,91,8,15,11,79,89,3,85,59,83,63,37,97,25,13,38,96,48,16,68,53,84,45}:364

			{1,75,52,38,13,79,8,84,18,12,32,22,65,7,55,86,16,74,78,33,68,71,67,4,51,88,97,57,95,62,43,41,98,77,47,3,90,10,66,96,36,99,92,37,34,58,81,85,100,25,72,64,44,40,21,9,63,93,82,30,19,70,6,31,2,53,87,27,11,45,91,80,49,54,26,59,42,94,29,83,60,69,15,14,61,35,50,48,39,5,76,24,46,20,56,23,17,89,73,28}:366

			{1,91,18,14,62,92,79,24,99,78,95,35,36,40,23,8,11,83,81,6,41,39,4,51,88,2,52,77,3,29,65,28,25,97,33,55,12,61,90,7,53,75,87,100,60,69,71,64,15,32,22,57,17,59,30,42,47,85,27,49,54,10,19,13,82,66,67,70,74,44,84,34,58,45,5,26,80,48,37,50,46,20,56,43,89,38,96,68,98,94,73,93,21,86,63,72,76,9,16,31}:368

Best Hamiltonian cycle :
			{1,73,48,99,49,27,34,24,56,3,44,55,7,71,70,76,36,68,19,60,18,6,16,66,4,51,53,50,88,92,26,12,32,15,5,97,20,22,37,14,62,47,85,57,83,69,91,45,52,39,87,94,98,17,59,35,89,43,72,13,30,82,41,46,100,25,80,65,84,93,2,61,8,23,40,90,81,58,74,42,29,28,31,54,75,79,78,10,11,33,77,67,9,21,86,63,64,96,38,95}:343

Observation 11: 
Present instant : 275.0               
Number of move events : 1699022             
Number of evaporation events : 12353               
Top candidate cycles : 
			{1,13,72,45,89,70,6,16,68,8,99,33,85,90,83,53,54,47,82,94,75,19,36,48,41,98,17,7,55,37,97,43,61,31,23,84,74,78,10,34,11,63,9,62,14,18,81,4,2,39,32,86,12,79,40,69,93,73,30,46,100,24,77,58,57,50,44,52,5,59,49,96,64,76,26,95,38,88,21,87,3,29,51,71,92,20,80,91,27,60,15,56,28,25,42,35,66,67,22,65}:345

			{1,3,87,29,2,14,21,76,92,91,72,45,9,44,100,25,81,85,8,32,36,38,96,71,83,97,94,98,99,37,63,53,93,52,66,82,47,55,10,64,28,73,75,15,62,33,19,59,5,54,35,95,86,88,51,58,74,11,13,12,17,6,70,43,68,16,84,18,30,31,90,7,69,41,42,34,24,80,23,26,49,77,67,78,4,39,27,40,79,89,60,56,20,22,57,48,46,61,50,65}:353

			{1,52,90,39,10,55,95,62,92,79,73,22,57,87,82,78,47,44,21,67,5,72,76,11,8,23,40,15,31,20,69,65,85,32,91,58,46,98,94,29,60,12,42,68,45,61,83,49,53,75,34,81,25,16,6,13,63,35,64,99,93,70,97,43,86,74,19,77,3,84,18,41,96,66,59,80,100,50,37,14,33,2,28,27,4,54,89,9,26,36,38,30,56,51,88,24,17,7,71,48}:354

			{1,43,27,76,26,5,86,66,7,55,12,60,4,100,44,33,34,81,87,20,32,88,51,71,92,28,19,78,75,70,52,93,29,41,64,6,31,82,2,99,24,46,35,95,62,14,67,49,77,47,40,39,98,21,69,22,23,73,65,54,72,58,94,36,56,61,18,57,90,10,9,17,50,74,42,30,80,91,8,15,11,79,89,3,85,59,83,63,37,97,25,13,38,96,48,16,68,53,84,45}:364

			{1,75,52,38,13,79,8,84,18,12,32,22,65,7,55,86,16,74,78,33,68,71,67,4,51,88,97,57,95,62,43,41,98,77,47,3,90,10,66,96,36,99,92,37,34,58,81,85,100,25,72,64,44,40,21,9,63,93,82,30,19,70,6,31,2,53,87,27,11,45,91,80,49,54,26,59,42,94,29,83,60,69,15,14,61,35,50,48,39,5,76,24,46,20,56,23,17,89,73,28}:366

Best Hamiltonian cycle :
			{1,73,48,99,49,27,34,24,56,3,44,55,7,71,70,76,36,68,19,60,18,6,16,66,4,51,53,50,88,92,26,12,32,15,5,97,20,22,37,14,62,47,85,57,83,69,91,45,52,39,87,94,98,17,59,35,89,43,72,13,30,82,41,46,100,25,80,65,84,93,2,61,8,23,40,90,81,58,74,42,29,28,31,54,75,79,78,10,11,33,77,67,9,21,86,63,64,96,38,95}:343

Observation 12: 
Present instant : 300.0               
Number of move events : 1851792             
Number of evaporation events : 13894               
Top candidate cycles : 
			{1,13,72,45,89,70,6,16,68,8,99,33,85,90,83,53,54,47,82,94,75,19,36,48,41,98,17,7,55,37,97,43,61,31,23,84,74,78,10,34,11,63,9,62,14,18,81,4,2,39,32,86,12,79,40,69,93,73,30,46,100,24,77,58,57,50,44,52,5,59,49,96,64,76,26,95,38,88,21,87,3,29,51,71,92,20,80,91,27,60,15,56,28,25,42,35,66,67,22,65}:345

			{1,3,87,29,2,14,21,76,92,91,72,45,9,44,100,25,81,85,8,32,36,38,96,71,83,97,94,98,99,37,63,53,93,52,66,82,47,55,10,64,28,73,75,15,62,33,19,59,5,54,35,95,86,88,51,58,74,11,13,12,17,6,70,43,68,16,84,18,30,31,90,7,69,41,42,34,24,80,23,26,49,77,67,78,4,39,27,40,79,89,60,56,20,22,57,48,46,61,50,65}:353

			{1,52,90,39,10,55,95,62,92,79,73,22,57,87,82,78,47,44,21,67,5,72,76,11,8,23,40,15,31,20,69,65,85,32,91,58,46,98,94,29,60,12,42,68,45,61,83,49,53,75,34,81,25,16,6,13,63,35,64,99,93,70,97,43,86,74,19,77,3,84,18,41,96,66,59,80,100,50,37,14,33,2,28,27,4,54,89,9,26,36,38,30,56,51,88,24,17,7,71,48}:354

			{1,43,27,76,26,5,86,66,7,55,12,60,4,100,44,33,34,81,87,20,32,88,51,71,92,28,19,78,75,70,52,93,29,41,64,6,31,82,2,99,24,46,35,95,62,14,67,49,77,47,40,39,98,21,69,22,23,73,65,54,72,58,94,36,56,61,18,57,90,10,9,17,50,74,42,30,80,91,8,15,11,79,89,3,85,59,83,63,37,97,25,13,38,96,48,16,68,53,84,45}:364

			{1,75,52,38,13,79,8,84,18,12,32,22,65,7,55,86,16,74,78,33,68,71,67,4,51,88,97,57,95,62,43,41,98,77,47,3,90,10,66,96,36,99,92,37,34,58,81,85,100,25,72,64,44,40,21,9,63,93,82,30,19,70,6,31,2,53,87,27,11,45,91,80,49,54,26,59,42,94,29,83,60,69,15,14,61,35,50,48,39,5,76,24,46,20,56,23,17,89,73,28}:366

Best Hamiltonian cycle :
			{1,73,48,99,49,27,34,24,56,3,44,55,7,71,70,76,36,68,19,60,18,6,16,66,4,51,53,50,88,92,26,12,32,15,5,97,20,22,37,14,62,47,85,57,83,69,91,45,52,39,87,94,98,17,59,35,89,43,72,13,30,82,41,46,100,25,80,65,84,93,2,61,8,23,40,90,81,58,74,42,29,28,31,54,75,79,78,10,11,33,77,67,9,21,86,63,64,96,38,95}:343

Observation 13: 
Present instant : 325.0               
Number of move events : 2004105             
Number of evaporation events : 14829               
Top candidate cycles : 
			{1,13,72,45,89,70,6,16,68,8,99,33,85,90,83,53,54,47,82,94,75,19,36,48,41,98,17,7,55,37,97,43,61,31,23,84,74,78,10,34,11,63,9,62,14,18,81,4,2,39,32,86,12,79,40,69,93,73,30,46,100,24,77,58,57,50,44,52,5,59,49,96,64,76,26,95,38,88,21,87,3,29,51,71,92,20,80,91,27,60,15,56,28,25,42,35,66,67,22,65}:345

			{1,3,87,29,2,14,21,76,92,91,72,45,9,44,100,25,81,85,8,32,36,38,96,71,83,97,94,98,99,37,63,53,93,52,66,82,47,55,10,64,28,73,75,15,62,33,19,59,5,54,35,95,86,88,51,58,74,11,13,12,17,6,70,43,68,16,84,18,30,31,90,7,69,41,42,34,24,80,23,26,49,77,67,78,4,39,27,40,79,89,60,56,20,22,57,48,46,61,50,65}:353

			{1,52,90,39,10,55,95,62,92,79,73,22,57,87,82,78,47,44,21,67,5,72,76,11,8,23,40,15,31,20,69,65,85,32,91,58,46,98,94,29,60,12,42,68,45,61,83,49,53,75,34,81,25,16,6,13,63,35,64,99,93,70,97,43,86,74,19,77,3,84,18,41,96,66,59,80,100,50,37,14,33,2,28,27,4,54,89,9,26,36,38,30,56,51,88,24,17,7,71,48}:354

			{1,43,27,76,26,5,86,66,7,55,12,60,4,100,44,33,34,81,87,20,32,88,51,71,92,28,19,78,75,70,52,93,29,41,64,6,31,82,2,99,24,46,35,95,62,14,67,49,77,47,40,39,98,21,69,22,23,73,65,54,72,58,94,36,56,61,18,57,90,10,9,17,50,74,42,30,80,91,8,15,11,79,89,3,85,59,83,63,37,97,25,13,38,96,48,16,68,53,84,45}:364

			{1,75,52,38,13,79,8,84,18,12,32,22,65,7,55,86,16,74,78,33,68,71,67,4,51,88,97,57,95,62,43,41,98,77,47,3,90,10,66,96,36,99,92,37,34,58,81,85,100,25,72,64,44,40,21,9,63,93,82,30,19,70,6,31,2,53,87,27,11,45,91,80,49,54,26,59,42,94,29,83,60,69,15,14,61,35,50,48,39,5,76,24,46,20,56,23,17,89,73,28}:366

Best Hamiltonian cycle :
			{1,73,48,99,49,27,34,24,56,3,44,55,7,71,70,76,36,68,19,60,18,6,16,66,4,51,53,50,88,92,26,12,32,15,5,97,20,22,37,14,62,47,85,57,83,69,91,45,52,39,87,94,98,17,59,35,89,43,72,13,30,82,41,46,100,25,80,65,84,93,2,61,8,23,40,90,81,58,74,42,29,28,31,54,75,79,78,10,11,33,77,67,9,21,86,63,64,96,38,95}:343

Observation 14: 
Present instant : 350.0               
Number of move events : 2156484             
Number of evaporation events : 16606               
Top candidate cycles : 
			{1,13,72,45,89,70,6,16,68,8,99,33,85,90,83,53,54,47,82,94,75,19,36,48,41,98,17,7,55,37,97,43,61,31,23,84,74,78,10,34,11,63,9,62,14,18,81,4,2,39,32,86,12,79,40,69,93,73,30,46,100,24,77,58,57,50,44,52,5,59,49,96,64,76,26,95,38,88,21,87,3,29,51,71,92,20,80,91,27,60,15,56,28,25,42,35,66,67,22,65}:345

			{1,3,87,29,2,14,21,76,92,91,72,45,9,44,100,25,81,85,8,32,36,38,96,71,83,97,94,98,99,37,63,53,93,52,66,82,47,55,10,64,28,73,75,15,62,33,19,59,5,54,35,95,86,88,51,58,74,11,13,12,17,6,70,43,68,16,84,18,30,31,90,7,69,41,42,34,24,80,23,26,49,77,67,78,4,39,27,40,79,89,60,56,20,22,57,48,46,61,50,65}:353

			{1,52,90,39,10,55,95,62,92,79,73,22,57,87,82,78,47,44,21,67,5,72,76,11,8,23,40,15,31,20,69,65,85,32,91,58,46,98,94,29,60,12,42,68,45,61,83,49,53,75,34,81,25,16,6,13,63,35,64,99,93,70,97,43,86,74,19,77,3,84,18,41,96,66,59,80,100,50,37,14,33,2,28,27,4,54,89,9,26,36,38,30,56,51,88,24,17,7,71,48}:354

			{1,96,32,65,62,8,15,55,7,28,27,83,16,21,86,56,69,74,34,54,49,67,9,70,63,52,25,13,12,99,20,37,80,6,85,47,4,78,53,87,3,84,44,23,41,33,11,64,19,40,79,91,98,77,59,66,58,26,88,24,90,100,18,68,50,75,60,72,45,89,43,48,39,22,95,38,31,29,61,17,82,92,5,97,42,93,71,14,57,36,30,46,73,94,51,81,10,35,2,76}:359

			{1,43,27,76,26,5,86,66,7,55,12,60,4,100,44,33,34,81,87,20,32,88,51,71,92,28,19,78,75,70,52,93,29,41,64,6,31,82,2,99,24,46,35,95,62,14,67,49,77,47,40,39,98,21,69,22,23,73,65,54,72,58,94,36,56,61,18,57,90,10,9,17,50,74,42,30,80,91,8,15,11,79,89,3,85,59,83,63,37,97,25,13,38,96,48,16,68,53,84,45}:364

Best Hamiltonian cycle :
			{1,73,48,99,49,27,34,24,56,3,44,55,7,71,70,76,36,68,19,60,18,6,16,66,4,51,53,50,88,92,26,12,32,15,5,97,20,22,37,14,62,47,85,57,83,69,91,45,52,39,87,94,98,17,59,35,89,43,72,13,30,82,41,46,100,25,80,65,84,93,2,61,8,23,40,90,81,58,74,42,29,28,31,54,75,79,78,10,11,33,77,67,9,21,86,63,64,96,38,95}:343

Observation 15: 
Present instant : 375.0               
Number of move events : 2309130             
Number of evaporation events : 17984               
Top candidate cycles : 
			{1,13,72,45,89,70,6,16,68,8,99,33,85,90,83,53,54,47,82,94,75,19,36,48,41,98,17,7,55,37,97,43,61,31,23,84,74,78,10,34,11,63,9,62,14,18,81,4,2,39,32,86,12,79,40,69,93,73,30,46,100,24,77,58,57,50,44,52,5,59,49,96,64,76,26,95,38,88,21,87,3,29,51,71,92,20,80,91,27,60,15,56,28,25,42,35,66,67,22,65}:345

			{1,3,87,29,2,14,21,76,92,91,72,45,9,44,100,25,81,85,8,32,36,38,96,71,83,97,94,98,99,37,63,53,93,52,66,82,47,55,10,64,28,73,75,15,62,33,19,59,5,54,35,95,86,88,51,58,74,11,13,12,17,6,70,43,68,16,84,18,30,31,90,7,69,41,42,34,24,80,23,26,49,77,67,78,4,39,27,40,79,89,60,56,20,22,57,48,46,61,50,65}:353

			{1,52,90,39,10,55,95,62,92,79,73,22,57,87,82,78,47,44,21,67,5,72,76,11,8,23,40,15,31,20,69,65,85,32,91,58,46,98,94,29,60,12,42,68,45,61,83,49,53,75,34,81,25,16,6,13,63,35,64,99,93,70,97,43,86,74,19,77,3,84,18,41,96,66,59,80,100,50,37,14,33,2,28,27,4,54,89,9,26,36,38,30,56,51,88,24,17,7,71,48}:354

			{1,96,32,65,62,8,15,55,7,28,27,83,16,21,86,56,69,74,34,54,49,67,9,70,63,52,25,13,12,99,20,37,80,6,85,47,4,78,53,87,3,84,44,23,41,33,11,64,19,40,79,91,98,77,59,66,58,26,88,24,90,100,18,68,50,75,60,72,45,89,43,48,39,22,95,38,31,29,61,17,82,92,5,97,42,93,71,14,57,36,30,46,73,94,51,81,10,35,2,76}:359

			{1,76,30,80,24,33,53,58,39,48,74,44,52,10,96,92,9,62,50,13,51,12,69,65,84,91,95,6,67,41,87,85,90,83,36,8,23,31,28,61,46,20,42,77,81,14,29,11,55,16,7,97,35,4,3,22,18,38,40,37,27,78,68,57,63,47,45,5,15,32,71,70,56,98,49,99,88,25,79,64,86,21,26,2,17,72,66,34,94,19,75,59,73,60,89,100,82,93,54,43}:361

Best Hamiltonian cycle :
			{1,73,48,99,49,27,34,24,56,3,44,55,7,71,70,76,36,68,19,60,18,6,16,66,4,51,53,50,88,92,26,12,32,15,5,97,20,22,37,14,62,47,85,57,83,69,91,45,52,39,87,94,98,17,59,35,89,43,72,13,30,82,41,46,100,25,80,65,84,93,2,61,8,23,40,90,81,58,74,42,29,28,31,54,75,79,78,10,11,33,77,67,9,21,86,63,64,96,38,95}:343

Observation 16: 
Present instant : 400.0               
Number of move events : 2461492             
Number of evaporation events : 19179               
Top candidate cycles : 
			{1,2,14,61,83,67,78,60,54,98,17,95,94,30,22,36,37,88,69,23,80,81,58,26,65,62,15,84,18,47,40,64,6,56,75,11,89,4,50,53,49,77,76,59,5,32,85,34,27,39,90,57,25,43,97,35,55,86,74,8,68,82,48,79,9,93,63,38,13,51,45,44,99,28,31,66,3,29,71,96,24,33,41,87,21,73,72,70,19,7,16,10,52,12,91,92,46,100,42,20}:342

			{1,13,72,45,89,70,6,16,68,8,99,33,85,90,83,53,54,47,82,94,75,19,36,48,41,98,17,7,55,37,97,43,61,31,23,84,74,78,10,34,11,63,9,62,14,18,81,4,2,39,32,86,12,79,40,69,93,73,30,46,100,24,77,58,57,50,44,52,5,59,49,96,64,76,26,95,38,88,21,87,3,29,51,71,92,20,80,91,27,60,15,56,28,25,42,35,66,67,22,65}:345

			{1,3,87,29,2,14,21,76,92,91,72,45,9,44,100,25,81,85,8,32,36,38,96,71,83,97,94,98,99,37,63,53,93,52,66,82,47,55,10,64,28,73,75,15,62,33,19,59,5,54,35,95,86,88,51,58,74,11,13,12,17,6,70,43,68,16,84,18,30,31,90,7,69,41,42,34,24,80,23,26,49,77,67,78,4,39,27,40,79,89,60,56,20,22,57,48,46,61,50,65}:353

			{1,52,90,39,10,55,95,62,92,79,73,22,57,87,82,78,47,44,21,67,5,72,76,11,8,23,40,15,31,20,69,65,85,32,91,58,46,98,94,29,60,12,42,68,45,61,83,49,53,75,34,81,25,16,6,13,63,35,64,99,93,70,97,43,86,74,19,77,3,84,18,41,96,66,59,80,100,50,37,14,33,2,28,27,4,54,89,9,26,36,38,30,56,51,88,24,17,7,71,48}:354

			{1,96,32,65,62,8,15,55,7,28,27,83,16,21,86,56,69,74,34,54,49,67,9,70,63,52,25,13,12,99,20,37,80,6,85,47,4,78,53,87,3,84,44,23,41,33,11,64,19,40,79,91,98,77,59,66,58,26,88,24,90,100,18,68,50,75,60,72,45,89,43,48,39,22,95,38,31,29,61,17,82,92,5,97,42,93,71,14,57,36,30,46,73,94,51,81,10,35,2,76}:359

Best Hamiltonian cycle :
			{1,13,51,48,4,39,80,26,9,55,44,95,76,87,21,40,71,42,93,23,75,22,63,74,11,20,56,84,78,62,12,91,65,100,24,99,86,43,41,94,98,77,47,16,35,60,72,7,28,46,57,83,59,81,52,25,97,3,85,38,8,2,67,70,64,88,89,53,33,32,5,6,82,92,79,90,15,45,18,30,19,49,96,10,58,34,68,61,14,73,37,36,27,66,29,31,54,69,50,17}:337

Observation 17: 
Present instant : 425.0               
Number of move events : 2612775             
Number of evaporation events : 20098               
Top candidate cycles : 
			{1,2,14,61,83,67,78,60,54,98,17,95,94,30,22,36,37,88,69,23,80,81,58,26,65,62,15,84,18,47,40,64,6,56,75,11,89,4,50,53,49,77,76,59,5,32,85,34,27,39,90,57,25,43,97,35,55,86,74,8,68,82,48,79,9,93,63,38,13,51,45,44,99,28,31,66,3,29,71,96,24,33,41,87,21,73,72,70,19,7,16,10,52,12,91,92,46,100,42,20}:342

			{1,63,57,97,59,81,34,58,29,42,93,70,74,48,4,3,35,12,33,62,92,26,25,40,37,99,8,30,80,15,21,24,23,13,56,28,46,82,87,51,54,53,7,69,65,100,83,16,43,10,14,85,71,94,41,76,18,68,64,36,47,66,31,5,86,55,98,49,19,17,44,77,89,79,90,95,22,39,2,84,73,20,61,45,9,67,72,6,75,52,38,88,50,11,91,27,60,78,32,96}:345

			{1,13,72,45,89,70,6,16,68,8,99,33,85,90,83,53,54,47,82,94,75,19,36,48,41,98,17,7,55,37,97,43,61,31,23,84,74,78,10,34,11,63,9,62,14,18,81,4,2,39,32,86,12,79,40,69,93,73,30,46,100,24,77,58,57,50,44,52,5,59,49,96,64,76,26,95,38,88,21,87,3,29,51,71,92,20,80,91,27,60,15,56,28,25,42,35,66,67,22,65}:345

			{1,3,87,29,2,14,21,76,92,91,72,45,9,44,100,25,81,85,8,32,36,38,96,71,83,97,94,98,99,37,63,53,93,52,66,82,47,55,10,64,28,73,75,15,62,33,19,59,5,54,35,95,86,88,51,58,74,11,13,12,17,6,70,43,68,16,84,18,30,31,90,7,69,41,42,34,24,80,23,26,49,77,67,78,4,39,27,40,79,89,60,56,20,22,57,48,46,61,50,65}:353

			{1,52,90,39,10,55,95,62,92,79,73,22,57,87,82,78,47,44,21,67,5,72,76,11,8,23,40,15,31,20,69,65,85,32,91,58,46,98,94,29,60,12,42,68,45,61,83,49,53,75,34,81,25,16,6,13,63,35,64,99,93,70,97,43,86,74,19,77,3,84,18,41,96,66,59,80,100,50,37,14,33,2,28,27,4,54,89,9,26,36,38,30,56,51,88,24,17,7,71,48}:354

Best Hamiltonian cycle :
			{1,13,51,48,4,39,80,26,9,55,44,95,76,87,21,40,71,42,93,23,75,22,63,74,11,20,56,84,78,62,12,91,65,100,24,99,86,43,41,94,98,77,47,16,35,60,72,7,28,46,57,83,59,81,52,25,97,3,85,38,8,2,67,70,64,88,89,53,33,32,5,6,82,92,79,90,15,45,18,30,19,49,96,10,58,34,68,61,14,73,37,36,27,66,29,31,54,69,50,17}:337

Observation 18: 
Present instant : 450.0               
Number of move events : 2764822             
Number of evaporation events : 21220               
Top candidate cycles : 
			{1,2,14,61,83,67,78,60,54,98,17,95,94,30,22,36,37,88,69,23,80,81,58,26,65,62,15,84,18,47,40,64,6,56,75,11,89,4,50,53,49,77,76,59,5,32,85,34,27,39,90,57,25,43,97,35,55,86,74,8,68,82,48,79,9,93,63,38,13,51,45,44,99,28,31,66,3,29,71,96,24,33,41,87,21,73,72,70,19,7,16,10,52,12,91,92,46,100,42,20}:342

			{1,63,57,97,59,81,34,58,29,42,93,70,74,48,4,3,35,12,33,62,92,26,25,40,37,99,8,30,80,15,21,24,23,13,56,28,46,82,87,51,54,53,7,69,65,100,83,16,43,10,14,85,71,94,41,76,18,68,64,36,47,66,31,5,86,55,98,49,19,17,44,77,89,79,90,95,22,39,2,84,73,20,61,45,9,67,72,6,75,52,38,88,50,11,91,27,60,78,32,96}:345

			{1,13,72,45,89,70,6,16,68,8,99,33,85,90,83,53,54,47,82,94,75,19,36,48,41,98,17,7,55,37,97,43,61,31,23,84,74,78,10,34,11,63,9,62,14,18,81,4,2,39,32,86,12,79,40,69,93,73,30,46,100,24,77,58,57,50,44,52,5,59,49,96,64,76,26,95,38,88,21,87,3,29,51,71,92,20,80,91,27,60,15,56,28,25,42,35,66,67,22,65}:345

			{1,3,87,29,2,14,21,76,92,91,72,45,9,44,100,25,81,85,8,32,36,38,96,71,83,97,94,98,99,37,63,53,93,52,66,82,47,55,10,64,28,73,75,15,62,33,19,59,5,54,35,95,86,88,51,58,74,11,13,12,17,6,70,43,68,16,84,18,30,31,90,7,69,41,42,34,24,80,23,26,49,77,67,78,4,39,27,40,79,89,60,56,20,22,57,48,46,61,50,65}:353

			{1,52,90,39,10,55,95,62,92,79,73,22,57,87,82,78,47,44,21,67,5,72,76,11,8,23,40,15,31,20,69,65,85,32,91,58,46,98,94,29,60,12,42,68,45,61,83,49,53,75,34,81,25,16,6,13,63,35,64,99,93,70,97,43,86,74,19,77,3,84,18,41,96,66,59,80,100,50,37,14,33,2,28,27,4,54,89,9,26,36,38,30,56,51,88,24,17,7,71,48}:354

Best Hamiltonian cycle :
			{1,13,51,48,4,39,80,26,9,55,44,95,76,87,21,40,71,42,93,23,75,22,63,74,11,20,56,84,78,62,12,91,65,100,24,99,86,43,41,94,98,77,47,16,35,60,72,7,28,46,57,83,59,81,52,25,97,3,85,38,8,2,67,70,64,88,89,53,33,32,5,6,82,92,79,90,15,45,18,30,19,49,96,10,58,34,68,61,14,73,37,36,27,66,29,31,54,69,50,17}:337

Observation 19: 
Present instant : 475.0               
Number of move events : 2917841             
Number of evaporation events : 22785               
Top candidate cycles : 
			{1,2,14,61,83,67,78,60,54,98,17,95,94,30,22,36,37,88,69,23,80,81,58,26,65,62,15,84,18,47,40,64,6,56,75,11,89,4,50,53,49,77,76,59,5,32,85,34,27,39,90,57,25,43,97,35,55,86,74,8,68,82,48,79,9,93,63,38,13,51,45,44,99,28,31,66,3,29,71,96,24,33,41,87,21,73,72,70,19,7,16,10,52,12,91,92,46,100,42,20}:342

			{1,63,57,97,59,81,34,58,29,42,93,70,74,48,4,3,35,12,33,62,92,26,25,40,37,99,8,30,80,15,21,24,23,13,56,28,46,82,87,51,54,53,7,69,65,100,83,16,43,10,14,85,71,94,41,76,18,68,64,36,47,66,31,5,86,55,98,49,19,17,44,77,89,79,90,95,22,39,2,84,73,20,61,45,9,67,72,6,75,52,38,88,50,11,91,27,60,78,32,96}:345

			{1,13,72,45,89,70,6,16,68,8,99,33,85,90,83,53,54,47,82,94,75,19,36,48,41,98,17,7,55,37,97,43,61,31,23,84,74,78,10,34,11,63,9,62,14,18,81,4,2,39,32,86,12,79,40,69,93,73,30,46,100,24,77,58,57,50,44,52,5,59,49,96,64,76,26,95,38,88,21,87,3,29,51,71,92,20,80,91,27,60,15,56,28,25,42,35,66,67,22,65}:345

			{1,3,66,79,74,5,50,97,20,49,71,69,87,56,36,94,29,41,76,8,80,26,2,39,48,57,10,77,88,64,91,31,78,14,24,96,37,51,81,34,53,89,23,75,19,40,35,60,83,16,86,21,30,33,70,6,72,18,17,67,73,54,98,68,99,47,82,100,62,43,84,65,95,12,13,38,4,92,44,46,90,45,61,11,7,28,63,22,85,42,59,58,32,25,93,15,55,9,52,27}:349

			{1,3,87,29,2,14,21,76,92,91,72,45,9,44,100,25,81,85,8,32,36,38,96,71,83,97,94,98,99,37,63,53,93,52,66,82,47,55,10,64,28,73,75,15,62,33,19,59,5,54,35,95,86,88,51,58,74,11,13,12,17,6,70,43,68,16,84,18,30,31,90,7,69,41,42,34,24,80,23,26,49,77,67,78,4,39,27,40,79,89,60,56,20,22,57,48,46,61,50,65}:353

Best Hamiltonian cycle :
			{1,13,51,48,4,39,80,26,9,55,44,95,76,87,21,40,71,42,93,23,75,22,63,74,11,20,56,84,78,62,12,91,65,100,24,99,86,43,41,94,98,77,47,16,35,60,72,7,28,46,57,83,59,81,52,25,97,3,85,38,8,2,67,70,64,88,89,53,33,32,5,6,82,92,79,90,15,45,18,30,19,49,96,10,58,34,68,61,14,73,37,36,27,66,29,31,54,69,50,17}:337

Observation 20: 
Present instant : 500.0               
Number of move events : 3069969             
Number of evaporation events : 24453               
Top candidate cycles : 
			{1,2,14,61,83,67,78,60,54,98,17,95,94,30,22,36,37,88,69,23,80,81,58,26,65,62,15,84,18,47,40,64,6,56,75,11,89,4,50,53,49,77,76,59,5,32,85,34,27,39,90,57,25,43,97,35,55,86,74,8,68,82,48,79,9,93,63,38,13,51,45,44,99,28,31,66,3,29,71,96,24,33,41,87,21,73,72,70,19,7,16,10,52,12,91,92,46,100,42,20}:342

			{1,63,57,97,59,81,34,58,29,42,93,70,74,48,4,3,35,12,33,62,92,26,25,40,37,99,8,30,80,15,21,24,23,13,56,28,46,82,87,51,54,53,7,69,65,100,83,16,43,10,14,85,71,94,41,76,18,68,64,36,47,66,31,5,86,55,98,49,19,17,44,77,89,79,90,95,22,39,2,84,73,20,61,45,9,67,72,6,75,52,38,88,50,11,91,27,60,78,32,96}:345

			{1,13,72,45,89,70,6,16,68,8,99,33,85,90,83,53,54,47,82,94,75,19,36,48,41,98,17,7,55,37,97,43,61,31,23,84,74,78,10,34,11,63,9,62,14,18,81,4,2,39,32,86,12,79,40,69,93,73,30,46,100,24,77,58,57,50,44,52,5,59,49,96,64,76,26,95,38,88,21,87,3,29,51,71,92,20,80,91,27,60,15,56,28,25,42,35,66,67,22,65}:345

			{1,3,66,79,74,5,50,97,20,49,71,69,87,56,36,94,29,41,76,8,80,26,2,39,48,57,10,77,88,64,91,31,78,14,24,96,37,51,81,34,53,89,23,75,19,40,35,60,83,16,86,21,30,33,70,6,72,18,17,67,73,54,98,68,99,47,82,100,62,43,84,65,95,12,13,38,4,92,44,46,90,45,61,11,7,28,63,22,85,42,59,58,32,25,93,15,55,9,52,27}:349

			{1,3,87,29,2,14,21,76,92,91,72,45,9,44,100,25,81,85,8,32,36,38,96,71,83,97,94,98,99,37,63,53,93,52,66,82,47,55,10,64,28,73,75,15,62,33,19,59,5,54,35,95,86,88,51,58,74,11,13,12,17,6,70,43,68,16,84,18,30,31,90,7,69,41,42,34,24,80,23,26,49,77,67,78,4,39,27,40,79,89,60,56,20,22,57,48,46,61,50,65}:353

Best Hamiltonian cycle :
			{1,13,51,48,4,39,80,26,9,55,44,95,76,87,21,40,71,42,93,23,75,22,63,74,11,20,56,84,78,62,12,91,65,100,24,99,86,43,41,94,98,77,47,16,35,60,72,7,28,46,57,83,59,81,52,25,97,3,85,38,8,2,67,70,64,88,89,53,33,32,5,6,82,92,79,90,15,45,18,30,19,49,96,10,58,34,68,61,14,73,37,36,27,66,29,31,54,69,50,17}:337

